[
    [ 5, 5, 6, 1 ],
    [ 5, 5, 2, 7 ],
    [ 8, 3, 16, 10 ],
    [ 4, 9, 11, 17 ],
    [ 5, 5, 5, 5 ],
    [ 5, 5, 20, 12 ],
    [ 5, 5, 13, 1 ],
    [ 21, 14, 32, 23 ],
    [ 15, 22, 24, 33 ],
    [ 25, 18, 36, 27 ],
    [ 19, 26, 28, 37 ],
    [ 5, 5, 13, 29 ],
    [ 5, 5, 2, 12 ],
    [ 40, 30, 53, 42 ],
    [ 31, 41, 43, 54 ],
    [ 44, 34, 57, 46 ],
    [ 35, 45, 47, 58 ],
    [ 48, 38, 61, 50 ],
    [ 39, 49, 51, 62 ],
    [ 5, 5, 20, 7 ],
    [ 65, 52, 81, 66 ],
    [ 8, 3, 67, 10 ],
    [ 68, 55, 84, 70 ],
    [ 56, 69, 71, 85 ],
    [ 72, 59, 88, 74 ],
    [ 60, 73, 75, 89 ],
    [ 76, 63, 92, 78 ],
    [ 64, 77, 79, 93 ],
    [ 5, 5, 6, 29 ],
    [ 96, 80, 114, 97 ],
    [ 4, 9, 11, 115 ],
    [ 98, 82, 118, 100 ],
    [ 83, 99, 101, 119 ],
    [ 102, 86, 122, 104 ],
    [ 87, 103, 105, 123 ],
    [ 106, 90, 126, 108 ],
    [ 91, 107, 109, 127 ],
    [ 110, 94, 130, 112 ],
    [ 95, 111, 113, 131 ],
    [ 31, 41, 43, 134 ],
    [ 40, 30, 135, 42 ],
    [ 136, 116, 158, 138 ],
    [ 117, 137, 139, 159 ],
    [ 140, 120, 162, 142 ],
    [ 121, 141, 143, 163 ],
    [ 144, 124, 166, 146 ],
    [ 125, 145, 147, 167 ],
    [ 148, 128, 170, 150 ],
    [ 129, 149, 151, 171 ],
    [ 152, 132, 174, 154 ],
    [ 133, 153, 155, 37 ],
    [ 15, 22, 200, 33 ],
    [ 177, 156, 202, 179 ],
    [ 157, 178, 180, 203 ],
    [ 181, 160, 206, 183 ],
    [ 161, 182, 184, 207 ],
    [ 185, 164, 210, 105 ],
    [ 165, 186, 187, 211 ],
    [ 188, 168, 214, 190 ],
    [ 169, 189, 191, 215 ],
    [ 192, 172, 218, 194 ],
    [ 173, 193, 195, 219 ],
    [ 196, 175, 220, 198 ],
    [ 176, 197, 199, 221 ],
    [ 65, 52, 81, 224 ],
    [ 225, 201, 251, 226 ],
    [ 44, 34, 227, 46 ],
    [ 228, 204, 254, 230 ],
    [ 205, 229, 231, 255 ],
    [ 232, 208, 258, 234 ],
    [ 209, 233, 235, 259 ],
    [ 236, 212, 262, 238 ],
    [ 213, 237, 239, 263 ],
    [ 225, 216, 251, 241 ],
    [ 217, 240, 242, 265 ],
    [ 243, 76, 108, 92 ],
    [ 60, 244, 245, 268 ],
    [ 246, 222, 271, 248 ],
    [ 223, 247, 249, 272 ],
    [ 96, 80, 300, 97 ],
    [ 275, 250, 302, 276 ],
    [ 277, 252, 304, 279 ],
    [ 253, 278, 280, 305 ],
    [ 281, 256, 84, 70 ],
    [ 257, 282, 283, 85 ],
    [ 72, 260, 88, 285 ],
    [ 261, 284, 286, 309 ],
    [ 287, 250, 312, 276 ],
    [ 264, 288, 289, 313 ],
    [ 290, 266, 316, 292 ],
    [ 267, 291, 293, 298 ],
    [ 128, 269, 318, 295 ],
    [ 270, 294, 296, 319 ],
    [ 267, 273, 322, 298 ],
    [ 274, 297, 299, 323 ],
    [ 21, 14, 32, 326 ],
    [ 327, 301, 359, 328 ],
    [ 329, 303, 361, 330 ],
    [ 48, 38, 331, 50 ],
    [ 332, 306, 364, 334 ],
    [ 307, 333, 335, 365 ],
    [ 102, 86, 368, 104 ],
    [ 308, 336, 337, 369 ],
    [ 338, 310, 372, 340 ],
    [ 311, 339, 341, 373 ],
    [ 342, 314, 376, 344 ],
    [ 315, 343, 345, 377 ],
    [ 346, 148, 379, 348 ],
    [ 317, 347, 349, 380 ],
    [ 350, 320, 383, 352 ],
    [ 321, 351, 353, 384 ],
    [ 354, 324, 386, 356 ],
    [ 325, 355, 357, 387 ],
    [ 390, 358, 422, 391 ],
    [ 35, 45, 47, 423 ],
    [ 392, 360, 426, 393 ],
    [ 39, 49, 51, 427 ],
    [ 394, 362, 430, 396 ],
    [ 363, 395, 397, 431 ],
    [ 398, 366, 434, 400 ],
    [ 367, 399, 401, 435 ],
    [ 402, 370, 438, 404 ],
    [ 371, 403, 405, 439 ],
    [ 406, 374, 442, 408 ],
    [ 375, 407, 409, 443 ],
    [ 410, 378, 36, 27 ],
    [ 325, 411, 412, 387 ],
    [ 413, 381, 447, 415 ],
    [ 382, 414, 416, 448 ],
    [ 417, 110, 451, 419 ],
    [ 385, 418, 195, 219 ],
    [ 420, 388, 453, 421 ],
    [ 389, 49, 51, 62 ],
    [ 157, 178, 180, 454 ],
    [ 177, 156, 455, 179 ],
    [ 456, 424, 488, 458 ],
    [ 425, 457, 459, 489 ],
    [ 460, 428, 492, 462 ],
    [ 429, 461, 463, 191 ],
    [ 464, 432, 495, 466 ],
    [ 433, 465, 467, 496 ],
    [ 468, 436, 499, 470 ],
    [ 437, 469, 471, 500 ],
    [ 472, 440, 503, 474 ],
    [ 441, 473, 475, 504 ],
    [ 476, 444, 506, 477 ],
    [ 445, 45, 47, 423 ],
    [ 48, 38, 331, 478 ],
    [ 446, 197, 199, 507 ],
    [ 479, 449, 510, 480 ],
    [ 450, 222, 271, 511 ],
    [ 481, 452, 514, 482 ],
    [ 60, 244, 75, 89 ],
    [ 483, 395, 397, 484 ],
    [ 64, 77, 485, 93 ],
    [ 518, 486, 551, 520 ],
    [ 487, 519, 521, 552 ],
    [ 522, 490, 555, 524 ],
    [ 491, 523, 443, 475 ],
    [ 525, 493, 391, 526 ],
    [ 494, 445, 527, 47 ],
    [ 528, 497, 558, 530 ],
    [ 498, 529, 531, 559 ],
    [ 261, 501, 286, 309 ],
    [ 502, 532, 533, 561 ],
    [ 371, 505, 405, 439 ],
    [ 177, 534, 455, 563 ],
    [ 535, 278, 280, 305 ],
    [ 425, 457, 536, 166 ],
    [ 537, 508, 565, 539 ],
    [ 509, 538, 540, 566 ],
    [ 541, 512, 569, 543 ],
    [ 513, 542, 544, 570 ],
    [ 545, 515, 572, 546 ],
    [ 547, 516, 574, 549 ],
    [ 517, 548, 550, 575 ],
    [ 161, 182, 184, 578 ],
    [ 181, 160, 579, 183 ],
    [ 580, 553, 608, 581 ],
    [ 554, 350, 415, 383 ],
    [ 55, 390, 610, 582 ],
    [ 45, 56, 58, 611 ],
    [ 583, 556, 499, 470 ],
    [ 557, 584, 585, 500 ],
    [ 586, 237, 239, 263 ],
    [ 560, 587, 588, 615 ],
    [ 562, 589, 590, 617 ],
    [ 441, 473, 475, 592 ],
    [ 564, 591, 593, 344 ],
    [ 307, 333, 335, 594 ],
    [ 212, 188, 595, 214 ],
    [ 596, 567, 621, 598 ],
    [ 568, 597, 599, 622 ],
    [ 600, 571, 218, 194 ],
    [ 125, 601, 147, 167 ],
    [ 196, 573, 220, 198 ],
    [ 129, 149, 602, 171 ],
    [ 509, 576, 540, 604 ],
    [ 577, 603, 605, 626 ],
    [ 56, 69, 283, 85 ],
    [ 121, 141, 655, 163 ],
    [ 629, 606, 657, 631 ],
    [ 607, 630, 352, 658 ],
    [ 632, 609, 660, 633 ],
    [ 449, 417, 634, 451 ],
    [ 635, 612, 663, 211 ],
    [ 613, 636, 637, 664 ],
    [ 261, 501, 667, 639 ],
    [ 614, 638, 640, 668 ],
    [ 264, 288, 671, 313 ],
    [ 616, 641, 642, 672 ],
    [ 375, 407, 675, 443 ],
    [ 618, 643, 644, 676 ],
    [ 56, 282, 283, 85 ],
    [ 168, 645, 101, 677 ],
    [ 121, 619, 655, 163 ],
    [ 620, 103, 646, 678 ],
    [ 209, 623, 680, 259 ],
    [ 624, 647, 648, 681 ],
    [ 246, 222, 271, 511 ],
    [ 625, 649, 650, 682 ],
    [ 651, 627, 684, 653 ],
    [ 628, 652, 654, 685 ],
    [ 225, 201, 251, 241 ],
    [ 308, 336, 726, 688 ],
    [ 689, 656, 728, 690 ],
    [ 185, 164, 89, 105 ],
    [ 691, 659, 730, 692 ],
    [ 110, 354, 419, 112 ],
    [ 693, 661, 733, 695 ],
    [ 662, 694, 696, 734 ],
    [ 697, 665, 737, 699 ],
    [ 666, 698, 700, 738 ],
    [ 103, 669, 123, 702 ],
    [ 670, 701, 703, 740 ],
    [ 704, 673, 743, 706 ],
    [ 674, 705, 707, 744 ],
    [ 708, 201, 251, 241 ],
    [ 346, 709, 710, 348 ],
    [ 367, 711, 712, 435 ],
    [ 689, 656, 728, 714 ],
    [ 679, 713, 715, 749 ],
    [ 716, 266, 316, 292 ],
    [ 213, 717, 239, 263 ],
    [ 217, 240, 718, 265 ],
    [ 513, 542, 753, 720 ],
    [ 683, 719, 721, 754 ],
    [ 722, 686, 757, 724 ],
    [ 687, 723, 725, 758 ],
    [ 290, 266, 792, 761 ],
    [ 762, 727, 794, 763 ],
    [ 764, 729, 796, 765 ],
    [ 107, 125, 766, 797 ],
    [ 767, 731, 799, 769 ],
    [ 732, 768, 770, 800 ],
    [ 181, 735, 206, 183 ],
    [ 736, 182, 184, 207 ],
    [ 185, 87, 210, 105 ],
    [ 739, 656, 728, 714 ],
    [ 188, 741, 214, 190 ],
    [ 742, 771, 772, 801 ],
    [ 773, 745, 802, 775 ],
    [ 746, 774, 776, 803 ],
    [ 747, 777, 778, 804 ],
    [ 748, 779, 62, 75 ],
    [ 780, 750, 806, 781 ],
    [ 751, 307, 782, 335 ],
    [ 264, 288, 289, 808 ],
    [ 350, 320, 383, 784 ],
    [ 752, 783, 785, 810 ],
    [ 679, 755, 715, 749 ],
    [ 756, 786, 787, 812 ],
    [ 788, 759, 594, 790 ],
    [ 760, 789, 791, 814 ],
    [ 329, 303, 361, 817 ],
    [ 818, 793, 843, 819 ],
    [ 820, 795, 845, 821 ],
    [ 188, 168, 822, 190 ],
    [ 327, 798, 359, 328 ],
    [ 133, 26, 28, 37 ],
    [ 823, 204, 254, 230 ],
    [ 205, 824, 231, 255 ],
    [ 209, 233, 680, 259 ],
    [ 780, 750, 825, 781 ],
    [ 225, 216, 251, 226 ],
    [ 257, 69, 71, 85 ],
    [ 826, 303, 361, 817 ],
    [ 350, 607, 827, 784 ],
    [ 805, 828, 829, 847 ],
    [ 820, 795, 845, 830 ],
    [ 788, 91, 594, 790 ],
    [ 25, 378, 36, 27 ],
    [ 807, 831, 718, 265 ],
    [ 809, 832, 495, 466 ],
    [ 833, 647, 648, 681 ],
    [ 811, 834, 835, 849 ],
    [ 813, 836, 837, 851 ],
    [ 838, 815, 853, 840 ],
    [ 816, 839, 841, 854 ],
    [ 390, 358, 582, 391 ],
    [ 392, 360, 882, 393 ],
    [ 857, 842, 884, 858 ],
    [ 859, 844, 885, 860 ],
    [ 861, 358, 582, 391 ],
    [ 35, 862, 47, 58 ],
    [ 392, 360, 882, 863 ],
    [ 39, 49, 864, 62 ],
    [ 716, 266, 316, 761 ],
    [ 83, 645, 101, 119 ],
    [ 277, 252, 888, 865 ],
    [ 87, 103, 646, 123 ],
    [ 857, 842, 890, 858 ],
    [ 846, 866, 867, 891 ],
    [ 859, 844, 894, 860 ],
    [ 848, 868, 869, 895 ],
    [ 870, 34, 227, 46 ],
    [ 752, 783, 871, 897 ],
    [ 479, 449, 510, 872 ],
    [ 528, 497, 873, 899 ],
    [ 213, 717, 902, 263 ],
    [ 850, 874, 875, 903 ],
    [ 807, 831, 242, 265 ],
    [ 852, 876, 877, 906 ],
    [ 315, 855, 345, 879 ],
    [ 856, 878, 880, 908 ],
    [ 68, 55, 84, 911 ],
    [ 912, 881, 690, 913 ],
    [ 914, 883, 950, 915 ],
    [ 916, 659, 730, 917 ],
    [ 918, 886, 953, 919 ],
    [ 192, 172, 920, 194 ],
    [ 912, 881, 956, 913 ],
    [ 60, 73, 75, 268 ],
    [ 921, 306, 364, 334 ],
    [ 307, 788, 335, 365 ],
    [ 308, 336, 726, 369 ],
    [ 887, 922, 923, 960 ],
    [ 342, 314, 376, 924 ],
    [ 121, 141, 143, 962 ],
    [ 925, 428, 492, 927 ],
    [ 889, 926, 928, 965 ],
    [ 929, 892, 968, 931 ],
    [ 893, 930, 932, 969 ],
    [ 933, 896, 972, 935 ],
    [ 816, 934, 841, 854 ],
    [ 253, 278, 974, 305 ],
    [ 315, 855, 936, 879 ],
    [ 537, 508, 977, 539 ],
    [ 898, 392, 937, 882 ],
    [ 938, 900, 980, 126 ],
    [ 901, 939, 940, 981 ],
    [ 128, 904, 318, 295 ],
    [ 905, 941, 942, 983 ],
    [ 267, 291, 322, 298 ],
    [ 907, 943, 944, 985 ],
    [ 945, 909, 987, 947 ],
    [ 910, 946, 948, 988 ],
    [ 701, 739, 740, 728 ],
    [ 729, 949, 1028, 991 ],
    [ 992, 951, 1030, 993 ],
    [ 994, 952, 1031, 995 ],
    [ 996, 954, 1033, 998 ],
    [ 955, 997, 999, 1034 ],
    [ 1000, 957, 1037, 1002 ],
    [ 958, 1001, 1003, 1038 ],
    [ 398, 366, 272, 400 ],
    [ 367, 399, 401, 1040 ],
    [ 402, 370, 1042, 404 ],
    [ 959, 1004, 1005, 1043 ],
    [ 406, 374, 1046, 408 ],
    [ 961, 1006, 1007, 1047 ],
    [ 1008, 963, 1050, 1010 ],
    [ 964, 1009, 1011, 1051 ],
    [ 1012, 966, 1054, 1014 ],
    [ 967, 1013, 1015, 1055 ],
    [ 476, 970, 1058, 477 ],
    [ 971, 1016, 1017, 1059 ],
    [ 48, 973, 61, 50 ],
    [ 64, 975, 79, 93 ],
    [ 976, 1018, 863, 1060 ],
    [ 1019, 978, 1061, 867 ],
    [ 979, 1020, 1021, 359 ],
    [ 1022, 148, 379, 348 ],
    [ 982, 1023, 1024, 1064 ],
    [ 984, 542, 544, 570 ],
    [ 354, 324, 386, 1025 ],
    [ 986, 107, 109, 127 ],
    [ 1026, 989, 1066, 1027 ],
    [ 990, 111, 113, 131 ],
    [ 140, 120, 162, 703 ],
    [ 771, 764, 1107, 1067 ],
    [ 1068, 1029, 927, 1069 ],
    [ 1020, 798, 359, 1070 ],
    [ 1071, 1032, 1110, 1072 ],
    [ 196, 175, 1073, 198 ],
    [ 1074, 1035, 1113, 1076 ],
    [ 1036, 1075, 1077, 1114 ],
    [ 1078, 1039, 721, 754 ],
    [ 547, 1079, 1080, 549 ],
    [ 811, 321, 835, 849 ],
    [ 1041, 1081, 1082, 1118 ],
    [ 901, 1044, 940, 1084 ],
    [ 1045, 1083, 1085, 1120 ],
    [ 1086, 1048, 1123, 1088 ],
    [ 1049, 1087, 1089, 1124 ],
    [ 1090, 1052, 1126, 1092 ],
    [ 1053, 1091, 146, 1127 ],
    [ 1093, 1056, 1005, 1094 ],
    [ 1057, 188, 595, 214 ],
    [ 1095, 59, 88, 74 ],
    [ 907, 1096, 944, 985 ],
    [ 910, 946, 1097, 988 ],
    [ 95, 111, 113, 1099 ],
    [ 301, 1098, 1070, 1131 ],
    [ 1100, 1062, 770, 800 ],
    [ 1063, 1101, 942, 983 ],
    [ 413, 381, 1134, 415 ],
    [ 568, 1102, 599, 622 ],
    [ 417, 110, 1136, 419 ],
    [ 1103, 1065, 1138, 1104 ],
    [ 1105, 132, 174, 154 ],
    [ 1140, 1106, 1177, 1141 ],
    [ 165, 186, 187, 1178 ],
    [ 1142, 925, 1010, 492 ],
    [ 169, 189, 191, 1181 ],
    [ 966, 1108, 1183, 1143 ],
    [ 173, 193, 195, 1184 ],
    [ 1144, 1109, 1185, 1145 ],
    [ 176, 197, 199, 507 ],
    [ 1146, 1111, 1187, 1148 ],
    [ 1112, 1147, 1149, 1188 ],
    [ 1150, 1115, 1190, 1152 ],
    [ 1116, 1151, 1153, 1191 ],
    [ 756, 786, 1194, 812 ],
    [ 1117, 1154, 1155, 1195 ],
    [ 850, 874, 1196, 903 ],
    [ 1119, 1156, 1157, 1197 ],
    [ 1158, 1121, 1200, 1160 ],
    [ 1122, 1159, 1161, 1201 ],
    [ 1162, 1125, 1202, 1164 ],
    [ 755, 1163, 749, 1203 ],
    [ 1165, 1128, 1205, 1166 ],
    [ 168, 99, 101, 119 ],
    [ 1167, 1129, 1206, 1168 ],
    [ 620, 103, 105, 123 ],
    [ 1130, 548, 550, 575 ],
    [ 1169, 1132, 139, 159 ],
    [ 1133, 576, 540, 604 ],
    [ 205, 824, 231, 1170 ],
    [ 984, 542, 753, 720 ],
    [ 1171, 1135, 733, 1172 ],
    [ 1173, 1137, 1207, 1174 ],
    [ 1175, 1139, 1209, 1176 ],
    [ 607, 630, 352, 1210 ],
    [ 629, 606, 1211, 631 ],
    [ 1212, 1179, 1254, 1214 ],
    [ 1180, 1213, 503, 474 ],
    [ 1052, 1012, 1092, 1054 ],
    [ 1182, 339, 1215, 373 ],
    [ 1216, 424, 763, 1218 ],
    [ 425, 1217, 536, 166 ],
    [ 1219, 1186, 1257, 1220 ],
    [ 509, 538, 1221, 566 ],
    [ 1222, 868, 869, 1224 ],
    [ 1189, 1223, 1225, 1260 ],
    [ 1226, 1192, 1263, 1228 ],
    [ 1193, 1227, 1229, 1176 ],
    [ 963, 925, 1264, 1231 ],
    [ 169, 1230, 1232, 215 ],
    [ 1233, 1198, 1218, 1185 ],
    [ 1199, 1234, 1235, 536 ],
    [ 1236, 643, 644, 1238 ],
    [ 1026, 1237, 1239, 1027 ],
    [ 1240, 1204, 1270, 1241 ],
    [ 117, 1132, 139, 159 ],
    [ 1242, 1006, 1272, 1243 ],
    [ 1217, 124, 166, 146 ],
    [ 152, 132, 174, 1244 ],
    [ 161, 182, 1274, 207 ],
    [ 1245, 534, 455, 179 ],
    [ 1246, 1013, 1015, 1247 ],
    [ 1248, 1208, 1017, 1059 ],
    [ 1249, 997, 999, 1034 ],
    [ 1112, 1147, 1149, 1250 ],
    [ 223, 247, 1251, 272 ],
    [ 269, 1252, 1299, 1277 ],
    [ 1253, 892, 968, 1300 ],
    [ 1278, 1090, 1303, 1279 ],
    [ 371, 505, 405, 1304 ],
    [ 1280, 1255, 1306, 794 ],
    [ 1256, 1091, 146, 1127 ],
    [ 795, 780, 830, 1281 ],
    [ 1282, 1258, 1308, 1283 ],
    [ 1259, 1096, 944, 985 ],
    [ 1284, 1261, 1310, 1286 ],
    [ 1262, 1285, 572, 1311 ],
    [ 842, 818, 1313, 1287 ],
    [ 90, 76, 1288, 1314 ],
    [ 670, 1265, 703, 740 ],
    [ 1266, 669, 123, 143 ],
    [ 780, 1267, 825, 781 ],
    [ 1268, 125, 766, 147 ],
    [ 887, 1269, 923, 960 ],
    [ 1100, 768, 770, 1316 ],
    [ 1045, 1271, 1085, 1120 ],
    [ 1199, 425, 1235, 536 ],
    [ 625, 649, 650, 1317 ],
    [ 1289, 1273, 847, 1113 ],
    [ 628, 652, 654, 1319 ],
    [ 1290, 774, 776, 1291 ],
    [ 722, 686, 757, 151 ],
    [ 487, 519, 1322, 1292 ],
    [ 751, 307, 782, 1323 ],
    [ 1293, 1275, 1325, 1294 ],
    [ 907, 1096, 944, 1295 ],
    [ 1296, 1276, 995, 1297 ],
    [ 786, 811, 1298, 835 ],
    [ 449, 417, 634, 1327 ],
    [ 632, 609, 1328, 633 ],
    [ 1329, 1301, 1363, 1331 ],
    [ 1302, 1330, 1332, 1364 ],
    [ 1333, 1305, 1367, 1334 ],
    [ 755, 722, 749, 1203 ],
    [ 98, 820, 118, 100 ],
    [ 701, 1307, 740, 728 ],
    [ 729, 1309, 1028, 1335 ],
    [ 986, 107, 1336, 127 ],
    [ 1337, 1312, 1370, 1339 ],
    [ 1289, 1338, 1340, 1371 ],
    [ 1341, 641, 642, 672 ],
    [ 1315, 1342, 598, 569 ],
    [ 145, 964, 1343, 1375 ],
    [ 1169, 137, 1344, 159 ],
    [ 518, 1345, 551, 520 ],
    [ 1268, 125, 766, 797 ],
    [ 1182, 339, 341, 373 ],
    [ 955, 997, 999, 829 ],
    [ 1318, 673, 1346, 706 ],
    [ 868, 893, 1378, 932 ],
    [ 1320, 747, 1347, 1379 ],
    [ 1348, 1321, 1381, 1349 ],
    [ 153, 173, 1350, 1382 ],
    [ 1351, 1324, 1385, 1353 ],
    [ 311, 1352, 341, 373 ],
    [ 1354, 878, 1387, 908 ],
    [ 1355, 1001, 1003, 1038 ],
    [ 1116, 1151, 1153, 1031 ],
    [ 321, 351, 1356, 384 ],
    [ 1357, 362, 1390, 1359 ],
    [ 1326, 1358, 1360, 1391 ],
    [ 1394, 1361, 1414, 1396 ],
    [ 1362, 1395, 510, 872 ],
    [ 1397, 1365, 1416, 1398 ],
    [ 1366, 978, 1061, 867 ],
    [ 1399, 116, 158, 138 ],
    [ 850, 1368, 1196, 903 ],
    [ 1369, 1156, 1157, 1197 ],
    [ 1158, 1372, 1200, 1160 ],
    [ 1373, 1400, 1174, 1138 ],
    [ 1374, 600, 1401, 1419 ],
    [ 157, 1402, 180, 454 ],
    [ 1376, 1403, 1404, 1421 ],
    [ 580, 553, 608, 1423 ],
    [ 1253, 892, 968, 931 ],
    [ 317, 1377, 1424, 380 ],
    [ 777, 1405, 1406, 1425 ],
    [ 1407, 777, 778, 1406 ],
    [ 1380, 1408, 1409, 1427 ],
    [ 1410, 1383, 1430, 1364 ],
    [ 1384, 1087, 1089, 1431 ],
    [ 541, 1386, 569, 543 ],
    [ 545, 1285, 572, 546 ],
    [ 547, 1079, 574, 549 ],
    [ 577, 1388, 605, 626 ],
    [ 1389, 1411, 650, 682 ],
    [ 1318, 1392, 1346, 706 ],
    [ 1393, 1412, 1413, 1432 ],
    [ 613, 636, 637, 1141 ],
    [ 635, 612, 187, 211 ],
    [ 1434, 1415, 819, 1435 ],
    [ 1436, 1417, 799, 769 ],
    [ 1140, 1106, 637, 1141 ],
    [ 1142, 925, 1264, 1231 ],
    [ 169, 189, 1232, 215 ],
    [ 1199, 1234, 507, 536 ],
    [ 1236, 643, 644, 676 ],
    [ 1418, 1175, 1437, 1459 ],
    [ 1420, 1438, 1439, 1461 ],
    [ 518, 486, 1440, 1463 ],
    [ 1422, 1441, 1442, 1465 ],
    [ 859, 1443, 894, 860 ],
    [ 1100, 768, 770, 800 ],
    [ 476, 970, 506, 477 ],
    [ 958, 1001, 1003, 1444 ],
    [ 708, 201, 1445, 241 ],
    [ 1446, 1426, 1469, 1448 ],
    [ 508, 1447, 1449, 1470 ],
    [ 498, 1428, 531, 1451 ],
    [ 1429, 1450, 895, 932 ],
    [ 1452, 567, 621, 598 ],
    [ 441, 1453, 475, 504 ],
    [ 450, 222, 1454, 511 ],
    [ 683, 719, 1455, 1475 ],
    [ 777, 1405, 1406, 1381 ],
    [ 1433, 367, 369, 401 ],
    [ 560, 1456, 1491, 1476 ],
    [ 213, 237, 902, 263 ],
    [ 844, 1457, 1480, 1477 ],
    [ 823, 204, 1493, 230 ],
    [ 232, 208, 1494, 1478 ],
    [ 209, 233, 235, 1495 ],
    [ 560, 1456, 588, 615 ],
    [ 213, 237, 239, 1497 ],
    [ 1458, 212, 262, 1498 ],
    [ 1460, 1479, 1480, 1500 ],
    [ 1462, 1481, 1088, 1502 ],
    [ 1464, 1162, 1482, 1202 ],
    [ 1466, 1483, 1484, 1504 ],
    [ 433, 1467, 467, 496 ],
    [ 1468, 284, 286, 309 ],
    [ 557, 469, 585, 500 ],
    [ 1471, 904, 318, 1505 ],
    [ 666, 1472, 700, 738 ],
    [ 1473, 381, 1134, 1506 ],
    [ 1474, 1485, 1486, 1507 ],
    [ 711, 1487, 1040, 1508 ],
    [ 1488, 1410, 1509, 1489 ],
    [ 403, 1041, 1490, 1510 ],
    [ 614, 638, 640, 1513 ],
    [ 261, 501, 286, 639 ],
    [ 1514, 859, 1538, 894 ],
    [ 1515, 1492, 581, 1516 ],
    [ 1517, 1402, 180, 203 ],
    [ 1245, 534, 202, 179 ],
    [ 1518, 532, 533, 561 ],
    [ 1496, 1519, 1520, 1540 ],
    [ 1315, 541, 598, 569 ],
    [ 145, 964, 1521, 1375 ],
    [ 83, 645, 101, 677 ],
    [ 1499, 82, 1522, 100 ],
    [ 1501, 1523, 1524, 1542 ],
    [ 1125, 1525, 1363, 1544 ],
    [ 1503, 616, 1526, 642 ],
    [ 870, 1527, 227, 46 ],
    [ 48, 973, 331, 50 ],
    [ 311, 339, 1215, 373 ],
    [ 1348, 1528, 1529, 1547 ],
    [ 562, 1530, 590, 617 ],
    [ 568, 597, 1531, 622 ],
    [ 1146, 1366, 1104, 1148 ],
    [ 1380, 1408, 1409, 1532 ],
    [ 1081, 1117, 1118, 1549 ],
    [ 1533, 1511, 1552, 1535 ],
    [ 1512, 1534, 1536, 1553 ],
    [ 437, 469, 585, 500 ],
    [ 560, 587, 1491, 615 ],
    [ 1556, 1537, 1568, 1557 ],
    [ 807, 240, 242, 265 ],
    [ 1558, 580, 631, 608 ],
    [ 1559, 1539, 1570, 734 ],
    [ 205, 229, 1571, 1170 ],
    [ 228, 204, 1493, 1572 ],
    [ 562, 589, 1575, 617 ],
    [ 512, 1560, 543, 514 ],
    [ 674, 705, 919, 744 ],
    [ 1374, 600, 1401, 920 ],
    [ 257, 69, 283, 85 ],
    [ 68, 256, 84, 70 ],
    [ 367, 711, 401, 435 ],
    [ 1541, 366, 434, 400 ],
    [ 805, 828, 1577, 847 ],
    [ 1543, 497, 873, 530 ],
    [ 893, 930, 1579, 969 ],
    [ 1545, 1561, 672, 1580 ],
    [ 1057, 188, 238, 214 ],
    [ 1546, 1562, 972, 935 ],
    [ 363, 395, 397, 484 ],
    [ 371, 403, 405, 1304 ],
    [ 1256, 1091, 1563, 1127 ],
    [ 670, 701, 1582, 740 ],
    [ 1548, 1048, 1123, 1583 ],
    [ 978, 866, 867, 980 ],
    [ 1139, 1105, 1564, 174 ],
    [ 1122, 1550, 1161, 1565 ],
    [ 1551, 975, 485, 1584 ],
    [ 1566, 1554, 416, 448 ],
    [ 1555, 516, 574, 1587 ],
    [ 959, 1004, 1005, 1094 ],
    [ 614, 638, 1619, 1513 ],
    [ 1588, 1567, 1621, 1589 ],
    [ 1590, 1569, 1623, 1591 ],
    [ 659, 632, 692, 1592 ],
    [ 1593, 1403, 1404, 1594 ],
    [ 1246, 1013, 1595, 1247 ],
    [ 1596, 1573, 1626, 1598 ],
    [ 1574, 1597, 1599, 409 ],
    [ 1600, 1576, 1628, 953 ],
    [ 571, 545, 194, 1629 ],
    [ 1601, 233, 235, 259 ],
    [ 232, 1602, 258, 1478 ],
    [ 102, 86, 368, 1050 ],
    [ 437, 469, 471, 1603 ],
    [ 468, 436, 499, 1634 ],
    [ 1604, 1105, 1564, 1605 ],
    [ 1578, 665, 737, 1636 ],
    [ 1606, 1324, 1385, 1607 ],
    [ 1581, 208, 1494, 1478 ],
    [ 1608, 336, 726, 688 ],
    [ 48, 973, 331, 478 ],
    [ 64, 975, 485, 93 ],
    [ 547, 516, 1080, 549 ],
    [ 1041, 1081, 1510, 1118 ],
    [ 755, 722, 749, 757 ],
    [ 1588, 1567, 1621, 1609 ],
    [ 410, 18, 1610, 27 ],
    [ 1611, 795, 845, 830 ],
    [ 674, 1612, 707, 744 ],
    [ 679, 713, 1127, 749 ],
    [ 1150, 1022, 154, 1152 ],
    [ 1384, 1087, 1089, 1124 ],
    [ 363, 1613, 1614, 484 ],
    [ 1615, 1585, 1644, 1617 ],
    [ 1586, 1616, 1618, 1504 ],
    [ 450, 222, 271, 248 ],
    [ 223, 1541, 249, 272 ],
    [ 887, 922, 1663, 960 ],
    [ 1167, 1129, 1254, 1214 ],
    [ 1052, 1620, 1092, 1645 ],
    [ 1646, 1622, 1666, 1647 ],
    [ 1648, 691, 1668, 1649 ],
    [ 1121, 1624, 1670, 1650 ],
    [ 1173, 1137, 1207, 1671 ],
    [ 522, 1625, 555, 524 ],
    [ 407, 523, 443, 475 ],
    [ 525, 1627, 391, 526 ],
    [ 411, 445, 527, 47 ],
    [ 528, 1630, 558, 530 ],
    [ 1631, 529, 531, 559 ],
    [ 1632, 638, 1619, 1513 ],
    [ 1633, 1090, 1651, 1279 ],
    [ 535, 1635, 280, 305 ],
    [ 1496, 1652, 1653, 1540 ],
    [ 537, 1637, 565, 539 ],
    [ 1140, 636, 637, 664 ],
    [ 938, 1638, 1673, 1654 ],
    [ 1518, 532, 1655, 1674 ],
    [ 517, 548, 550, 1675 ],
    [ 1639, 149, 151, 171 ],
    [ 19, 153, 28, 37 ],
    [ 1656, 1640, 1661, 1657 ],
    [ 1641, 824, 231, 255 ],
    [ 99, 19, 1658, 1676 ],
    [ 311, 1352, 1215, 373 ],
    [ 1642, 723, 1659, 758 ],
    [ 755, 1163, 749, 757 ],
    [ 1643, 1660, 1661, 1657 ],
    [ 173, 418, 195, 219 ],
    [ 366, 1662, 400, 1677 ],
    [ 267, 273, 293, 298 ],
    [ 274, 297, 299, 1679 ],
    [ 25, 378, 36, 1680 ],
    [ 1681, 1664, 1704, 1682 ],
    [ 1278, 1090, 1651, 1279 ],
    [ 1625, 1665, 524, 1626 ],
    [ 1627, 1667, 1706, 1683 ],
    [ 325, 411, 357, 387 ],
    [ 1684, 1669, 1707, 1685 ],
    [ 420, 388, 1686, 421 ],
    [ 1687, 553, 608, 581 ],
    [ 554, 1688, 415, 383 ],
    [ 1672, 1689, 1690, 555 ],
    [ 662, 1539, 696, 734 ],
    [ 596, 567, 621, 1691 ],
    [ 666, 698, 1692, 738 ],
    [ 1693, 793, 843, 819 ],
    [ 479, 1395, 510, 872 ],
    [ 1019, 978, 1148, 867 ],
    [ 1193, 1139, 1229, 1176 ],
    [ 169, 1230, 191, 215 ],
    [ 1625, 1665, 524, 1694 ],
    [ 1546, 896, 972, 935 ],
    [ 257, 282, 71, 85 ],
    [ 788, 91, 1695, 790 ],
    [ 128, 904, 318, 1505 ],
    [ 756, 1696, 787, 812 ],
    [ 1586, 1483, 1484, 1712 ],
    [ 1546, 896, 1697, 1713 ],
    [ 60, 244, 75, 268 ],
    [ 1678, 1698, 1699, 1715 ],
    [ 317, 347, 1424, 1701 ],
    [ 945, 1700, 1702, 947 ],
    [ 870, 34, 57, 46 ],
    [ 1719, 1703, 1727, 1720 ],
    [ 1721, 1705, 1729, 1722 ],
    [ 1672, 1689, 1731, 555 ],
    [ 390, 525, 582, 391 ],
    [ 445, 45, 47, 58 ],
    [ 392, 976, 882, 393 ],
    [ 857, 1708, 884, 858 ],
    [ 1709, 63, 92, 78 ],
    [ 1517, 178, 180, 203 ],
    [ 629, 1710, 657, 631 ],
    [ 635, 186, 187, 211 ],
    [ 1105, 1150, 174, 154 ],
    [ 90, 76, 1288, 92 ],
    [ 44, 1527, 57, 46 ],
    [ 87, 103, 646, 678 ],
    [ 846, 866, 867, 980 ],
    [ 848, 868, 869, 1224 ],
    [ 1711, 1309, 1028, 1335 ],
    [ 813, 836, 1598, 851 ],
    [ 861, 525, 422, 391 ],
    [ 1714, 486, 1440, 520 ],
    [ 1716, 1441, 1723, 1733 ],
    [ 1590, 1717, 1734, 1725 ],
    [ 1718, 1724, 1726, 1735 ],
    [ 918, 886, 953, 1737 ],
    [ 72, 59, 1747, 285 ],
    [ 287, 1728, 302, 276 ],
    [ 277, 1730, 304, 279 ],
    [ 281, 55, 84, 911 ],
    [ 56, 282, 71, 85 ],
    [ 916, 659, 730, 692 ],
    [ 110, 94, 419, 112 ],
    [ 44, 1527, 227, 46 ],
    [ 691, 659, 730, 917 ],
    [ 1022, 148, 710, 348 ],
    [ 196, 175, 220, 1347 ],
    [ 264, 1738, 289, 313 ],
    [ 281, 55, 84, 70 ],
    [ 367, 399, 712, 435 ],
    [ 1150, 1022, 1190, 1152 ],
    [ 413, 381, 1134, 1506 ],
    [ 850, 1368, 875, 903 ],
    [ 1627, 1739, 1706, 1749 ],
    [ 456, 424, 488, 1218 ],
    [ 1732, 1740, 1741, 1750 ],
    [ 433, 1467, 467, 1743 ],
    [ 990, 1742, 1744, 1099 ],
    [ 1338, 1035, 1113, 1745 ],
    [ 1736, 1369, 962, 1752 ],
    [ 842, 1746, 858, 843 ],
    [ 844, 1479, 1480, 1477 ],
    [ 329, 303, 1760, 330 ],
    [ 332, 306, 1762, 334 ],
    [ 747, 777, 1379, 1406 ],
    [ 1748, 1380, 1753, 1763 ],
    [ 315, 343, 345, 879 ],
    [ 905, 941, 1754, 1765 ],
    [ 1144, 1755, 1185, 1251 ],
    [ 1422, 1756, 1723, 1465 ],
    [ 1751, 989, 1239, 1768 ],
    [ 805, 1289, 829, 847 ],
    [ 1156, 1757, 1758, 1770 ],
    [ 893, 1290, 932, 969 ],
    [ 1009, 1049, 1759, 1089 ],
    [ 1071, 1032, 1110, 890 ],
    [ 892, 859, 1538, 894 ],
    [ 1515, 1492, 581, 1772 ],
    [ 1773, 1761, 1786, 1774 ],
    [ 1775, 120, 162, 703 ],
    [ 121, 619, 143, 163 ],
    [ 1020, 798, 359, 328 ],
    [ 133, 153, 28, 37 ],
    [ 327, 798, 359, 1070 ],
    [ 1348, 1528, 1381, 1547 ],
    [ 1408, 1488, 1532, 1789 ],
    [ 1764, 452, 1776, 482 ],
    [ 945, 909, 1702, 947 ],
    [ 1775, 120, 162, 142 ],
    [ 756, 1696, 1194, 812 ],
    [ 1245, 534, 455, 563 ],
    [ 1158, 1372, 1777, 1160 ],
    [ 1766, 1778, 785, 810 ],
    [ 1267, 786, 787, 812 ],
    [ 1767, 789, 1779, 814 ],
    [ 1769, 420, 482, 453 ],
    [ 1771, 1780, 1431, 1791 ],
    [ 971, 1016, 1017, 1782 ],
    [ 1293, 1781, 1783, 1294 ],
    [ 1142, 925, 1264, 492 ],
    [ 966, 1108, 1809, 1143 ],
    [ 1144, 1109, 1810, 1145 ],
    [ 1795, 1784, 1811, 1796 ],
    [ 609, 1785, 1812, 1396 ],
    [ 1545, 1787, 672, 1580 ],
    [ 253, 278, 974, 1813 ],
    [ 861, 358, 422, 391 ],
    [ 1256, 1091, 1563, 1814 ],
    [ 1795, 1784, 1552, 1796 ],
    [ 1788, 444, 506, 1815 ],
    [ 1558, 580, 1817, 608 ],
    [ 420, 1797, 453, 1800 ],
    [ 609, 1785, 1414, 1396 ],
    [ 910, 1798, 948, 988 ],
    [ 1545, 1787, 1819, 1580 ],
    [ 1711, 1309, 1028, 991 ],
    [ 963, 925, 1264, 492 ],
    [ 1341, 641, 642, 1820 ],
    [ 564, 591, 376, 344 ],
    [ 1790, 1576, 1628, 1821 ],
    [ 346, 709, 379, 348 ],
    [ 811, 834, 835, 1356 ],
    [ 350, 607, 383, 784 ],
    [ 813, 836, 837, 1823 ],
    [ 388, 1799, 1800, 447 ],
    [ 515, 1801, 1802, 565 ],
    [ 1792, 1803, 877, 906 ],
    [ 1804, 1793, 1826, 1806 ],
    [ 1794, 1805, 1807, 1827 ],
    [ 232, 208, 258, 1478 ],
    [ 560, 1456, 1491, 615 ],
    [ 1556, 1808, 1568, 1557 ],
    [ 1830, 881, 956, 1831 ],
    [ 1832, 1487, 1040, 1833 ],
    [ 1834, 1569, 1623, 1591 ],
    [ 659, 632, 692, 660 ],
    [ 589, 616, 617, 642 ],
    [ 1581, 208, 258, 1478 ],
    [ 209, 623, 235, 259 ],
    [ 1830, 881, 956, 913 ],
    [ 1719, 1703, 1835, 1720 ],
    [ 429, 169, 463, 191 ],
    [ 933, 896, 972, 1713 ],
    [ 456, 424, 763, 1218 ],
    [ 441, 473, 1836, 504 ],
    [ 1219, 1186, 1257, 1838 ],
    [ 1008, 1837, 1839, 1010 ],
    [ 1840, 1816, 1868, 1842 ],
    [ 502, 1841, 1655, 1674 ],
    [ 1843, 1818, 1270, 1844 ],
    [ 1801, 508, 977, 539 ],
    [ 1434, 1415, 1870, 1845 ],
    [ 990, 111, 1744, 1099 ],
    [ 1846, 630, 352, 658 ],
    [ 816, 934, 1847, 854 ],
    [ 1556, 1808, 1848, 1557 ],
    [ 1348, 1321, 1381, 1547 ],
    [ 1162, 1849, 1850, 1164 ],
    [ 1822, 1851, 1852, 1874 ],
    [ 1068, 1853, 1854, 1876 ],
    [ 1824, 1855, 592, 864 ],
    [ 508, 479, 539, 1470 ],
    [ 1825, 1856, 1857, 1879 ],
    [ 856, 878, 880, 1858 ],
    [ 907, 943, 1859, 1295 ],
    [ 1669, 1828, 1881, 1860 ],
    [ 1829, 850, 851, 875 ],
    [ 1590, 1569, 1623, 1725 ],
    [ 1736, 1861, 1896, 1752 ],
    [ 1771, 1862, 1897, 1791 ],
    [ 1883, 1863, 1860, 1575 ],
    [ 1576, 674, 953, 1737 ],
    [ 1632, 638, 640, 1513 ],
    [ 261, 284, 286, 639 ],
    [ 1588, 1567, 1898, 1589 ],
    [ 1590, 1569, 1734, 1725 ],
    [ 267, 291, 293, 1899 ],
    [ 1681, 1664, 1704, 1900 ],
    [ 1230, 1884, 1181, 337 ],
    [ 494, 445, 527, 1902 ],
    [ 498, 529, 531, 1451 ],
    [ 1719, 1864, 1727, 1885 ],
    [ 502, 532, 533, 1674 ],
    [ 1865, 1573, 1626, 1904 ],
    [ 1886, 1866, 1905, 1887 ],
    [ 1867, 390, 610, 1906 ],
    [ 1165, 1869, 1205, 1166 ],
    [ 479, 1395, 510, 480 ],
    [ 1167, 1179, 1206, 1168 ],
    [ 1019, 978, 1061, 1908 ],
    [ 106, 1871, 126, 108 ],
    [ 110, 354, 130, 112 ],
    [ 133, 26, 155, 37 ],
    [ 60, 73, 245, 268 ],
    [ 992, 1805, 1030, 993 ],
    [ 317, 1377, 349, 380 ],
    [ 1407, 777, 1379, 1406 ],
    [ 1872, 1816, 1868, 1909 ],
    [ 1788, 444, 506, 477 ],
    [ 1873, 1888, 692, 660 ],
    [ 1875, 1889, 1890, 1911 ],
    [ 1877, 686, 757, 151 ],
    [ 282, 307, 782, 1323 ],
    [ 1878, 288, 289, 313 ],
    [ 1880, 291, 293, 298 ],
    [ 1891, 1684, 1912, 1892 ],
    [ 1368, 294, 296, 319 ],
    [ 1893, 1882, 1914, 1894 ],
    [ 1739, 297, 299, 323 ],
    [ 1825, 1895, 1943, 1915 ],
    [ 1916, 1041, 1490, 1917 ],
    [ 1918, 1667, 1706, 1683 ],
    [ 1684, 1669, 1707, 1881 ],
    [ 1882, 1600, 1947, 1286 ],
    [ 842, 1746, 858, 1287 ],
    [ 243, 76, 1288, 92 ],
    [ 1556, 1537, 1568, 1919 ],
    [ 807, 240, 718, 265 ],
    [ 1920, 1467, 467, 1743 ],
    [ 809, 832, 1921, 466 ],
    [ 1338, 1035, 1113, 1076 ],
    [ 1036, 1337, 1077, 1114 ],
    [ 1045, 1083, 1922, 1120 ],
    [ 1901, 1923, 1349, 1949 ],
    [ 339, 371, 1924, 1950 ],
    [ 1903, 1925, 1082, 1118 ],
    [ 1095, 59, 88, 285 ],
    [ 666, 1472, 1692, 1952 ],
    [ 1499, 820, 118, 100 ],
    [ 1171, 661, 1926, 1172 ],
    [ 701, 1307, 740, 1928 ],
    [ 1012, 1927, 1929, 1014 ],
    [ 1843, 1204, 1270, 1241 ],
    [ 1907, 1930, 1931, 1051 ],
    [ 541, 512, 1932, 1955 ],
    [ 1769, 1933, 482, 453 ],
    [ 1804, 1793, 1934, 1806 ],
    [ 382, 414, 416, 1935 ],
    [ 1830, 881, 690, 913 ],
    [ 1910, 764, 1936, 1067 ],
    [ 535, 278, 974, 305 ],
    [ 1883, 1863, 1937, 1958 ],
    [ 1320, 1938, 1347, 1379 ],
    [ 945, 909, 987, 1939 ],
    [ 1940, 1913, 1961, 1941 ],
    [ 1942, 324, 386, 356 ],
    [ 1627, 1667, 1706, 1749 ],
    [ 1963, 1944, 1486, 1964 ],
    [ 1965, 1945, 1809, 1143 ],
    [ 394, 1946, 1390, 396 ],
    [ 1966, 1032, 1110, 890 ],
    [ 1967, 1567, 1898, 1589 ],
    [ 264, 1738, 289, 808 ],
    [ 1446, 1948, 1469, 1448 ],
    [ 752, 783, 871, 810 ],
    [ 805, 1289, 1577, 847 ],
    [ 1312, 1968, 1969, 1975 ],
    [ 1150, 1115, 154, 1152 ],
    [ 1117, 1154, 1155, 1976 ],
    [ 1119, 1156, 1157, 1758 ],
    [ 1158, 1121, 1777, 1160 ],
    [ 1137, 1400, 1174, 1979 ],
    [ 1162, 1125, 1850, 1164 ],
    [ 1383, 1351, 1970, 1980 ],
    [ 1165, 1128, 1982, 1166 ],
    [ 1951, 601, 147, 1343 ],
    [ 1167, 1129, 1254, 1168 ],
    [ 1119, 1156, 1752, 1758 ],
    [ 338, 310, 372, 1971 ],
    [ 1907, 1009, 1011, 1051 ],
    [ 140, 120, 1984, 703 ],
    [ 1953, 1972, 442, 408 ],
    [ 1973, 1869, 1982, 1166 ],
    [ 1954, 505, 405, 439 ],
    [ 1045, 1271, 1922, 1120 ],
    [ 1597, 407, 675, 443 ],
    [ 1199, 425, 507, 536 ],
    [ 1956, 1405, 1406, 1425 ],
    [ 767, 1417, 799, 1985 ],
    [ 1974, 1380, 1986, 1763 ],
    [ 420, 1797, 1686, 421 ],
    [ 1957, 836, 837, 1823 ],
    [ 1959, 1799, 1800, 447 ],
    [ 1615, 1960, 1987, 1617 ],
    [ 1974, 1962, 1753, 1763 ],
    [ 390, 525, 422, 391 ],
    [ 1144, 1755, 1185, 1145 ],
    [ 1795, 1511, 1552, 1796 ],
    [ 914, 883, 950, 1391 ],
    [ 683, 1039, 721, 1475 ],
    [ 1795, 1784, 1552, 1535 ],
    [ 246, 222, 1454, 511 ],
    [ 1920, 1467, 2007, 496 ],
    [ 809, 832, 495, 2008 ],
    [ 557, 469, 471, 1603 ],
    [ 468, 556, 1988, 1634 ],
    [ 1604, 1105, 1564, 174 ],
    [ 1296, 1989, 995, 1297 ],
    [ 577, 1388, 1990, 626 ],
    [ 1977, 1991, 1770, 1599 ],
    [ 1978, 1992, 1993, 2012 ],
    [ 571, 1994, 1995, 1629 ],
    [ 1873, 1888, 692, 1592 ],
    [ 1981, 1996, 451, 419 ],
    [ 1997, 1664, 2015, 1682 ],
    [ 1977, 1998, 1770, 2016 ],
    [ 1999, 370, 1042, 404 ],
    [ 1049, 1771, 1089, 1124 ],
    [ 2000, 1983, 2018, 2001 ],
    [ 1053, 1091, 1563, 1127 ],
    [ 2002, 742, 2019, 2003 ],
    [ 1997, 1664, 1704, 1900 ],
    [ 1137, 1400, 1174, 1138 ],
    [ 1458, 212, 262, 238 ],
    [ 508, 1447, 539, 1470 ],
    [ 1829, 850, 2004, 875 ],
    [ 329, 2005, 361, 330 ],
    [ 385, 418, 195, 1184 ],
    [ 1923, 1137, 1207, 1671 ],
    [ 1068, 1029, 1854, 1876 ],
    [ 508, 479, 1449, 1470 ],
    [ 1103, 1065, 1138, 2006 ],
    [ 625, 1411, 650, 1317 ],
    [ 1764, 452, 514, 482 ],
    [ 1496, 1652, 1520, 1540 ],
    [ 1517, 178, 2032, 454 ],
    [ 1840, 1816, 1868, 1909 ],
    [ 2022, 652, 654, 685 ],
    [ 2023, 1186, 2033, 1838 ],
    [ 1566, 1554, 416, 1935 ],
    [ 1474, 1485, 2024, 1964 ],
    [ 1408, 2009, 1532, 1789 ],
    [ 1822, 2025, 2026, 1874 ],
    [ 535, 1635, 974, 305 ],
    [ 2010, 1730, 304, 865 ],
    [ 2011, 1412, 2027, 2036 ],
    [ 1780, 411, 412, 387 ],
    [ 2013, 1426, 1469, 2037 ],
    [ 2014, 2009, 1532, 1509 ],
    [ 1121, 1624, 1160, 1123 ],
    [ 481, 452, 1776, 2038 ],
    [ 1125, 1301, 1363, 1544 ],
    [ 2017, 909, 987, 1939 ],
    [ 901, 1044, 2039, 981 ],
    [ 2028, 1678, 1679, 1699 ],
    [ 410, 18, 36, 27 ],
    [ 1280, 2020, 2041, 2029 ],
    [ 1418, 1175, 1607, 1459 ],
    [ 2021, 811, 1298, 835 ],
    [ 394, 362, 1390, 1359 ],
    [ 425, 1217, 459, 489 ],
    [ 2022, 652, 654, 1319 ],
    [ 1169, 1132, 1344, 159 ],
    [ 205, 824, 1571, 1170 ],
    [ 1171, 1135, 1926, 1172 ],
    [ 1173, 1137, 1949, 1174 ],
    [ 2030, 603, 1990, 626 ],
    [ 1318, 673, 743, 2031 ],
    [ 586, 237, 239, 1497 ],
    [ 512, 1560, 543, 2042 ],
    [ 2043, 1864, 1727, 1885 ],
    [ 1910, 764, 1107, 1067 ],
    [ 1068, 1029, 927, 1876 ],
    [ 687, 723, 1659, 2044 ],
    [ 2045, 1585, 1987, 1617 ],
    [ 651, 627, 2046, 653 ],
    [ 1974, 1380, 1753, 1763 ],
    [ 2034, 2047, 2048, 2063 ],
    [ 420, 1797, 453, 421 ],
    [ 2035, 1669, 1707, 1881 ],
    [ 64, 975, 485, 1584 ],
    [ 1326, 883, 1360, 1391 ],
    [ 1318, 1392, 743, 706 ],
    [ 445, 862, 47, 423 ],
    [ 446, 197, 1508, 507 ],
    [ 1903, 1081, 1510, 1118 ],
    [ 1875, 1889, 1890, 1200 ],
    [ 1103, 2049, 2050, 2006 ],
    [ 643, 1162, 1482, 1202 ],
    [ 1891, 2051, 1912, 1892 ],
    [ 1545, 1561, 672, 2052 ],
    [ 1615, 1960, 1644, 1617 ],
    [ 2053, 2040, 2067, 2054 ],
    [ 2055, 1689, 1690, 2056 ],
    [ 2057, 1884, 1181, 337 ],
    [ 1383, 1351, 1970, 1385 ],
    [ 2058, 310, 372, 340 ],
    [ 389, 49, 51, 427 ],
    [ 732, 768, 770, 1316 ],
    [ 1376, 1403, 1404, 1594 ],
    [ 1596, 1573, 1626, 1904 ],
    [ 1953, 1972, 442, 2059 ],
    [ 1351, 1418, 1385, 1353 ],
    [ 2011, 1412, 1413, 2036 ],
    [ 192, 571, 218, 194 ],
    [ 1315, 541, 2078, 569 ],
    [ 616, 641, 642, 1820 ],
    [ 1418, 2060, 1607, 1459 ],
    [ 618, 643, 644, 1238 ],
    [ 168, 645, 101, 119 ],
    [ 620, 103, 646, 123 ],
    [ 1843, 1204, 1270, 1844 ],
    [ 624, 647, 648, 2077 ],
    [ 2071, 2061, 2072, 1553 ],
    [ 517, 2062, 2079, 575 ],
    [ 625, 1411, 2080, 1317 ],
    [ 1512, 2061, 2072, 2081 ],
    [ 1883, 2073, 1860, 1958 ],
    [ 483, 395, 1614, 484 ],
    [ 394, 1946, 1390, 1359 ],
    [ 1586, 1616, 1484, 1504 ],
    [ 1393, 1412, 1413, 2036 ],
    [ 1546, 896, 972, 1713 ],
    [ 773, 745, 2074, 775 ],
    [ 1267, 786, 1194, 812 ],
    [ 1117, 1458, 1155, 1195 ],
    [ 1068, 1853, 927, 1876 ],
    [ 1639, 149, 602, 171 ],
    [ 687, 2064, 1659, 758 ],
    [ 2065, 2075, 2076, 2083 ],
    [ 705, 2066, 1439, 1461 ],
    [ 173, 418, 195, 1184 ],
    [ 1515, 2068, 2084, 1516 ],
    [ 1574, 2069, 1599, 409 ],
    [ 624, 2070, 648, 2077 ],
    [ 1302, 1383, 1332, 1364 ],
    [ 541, 1386, 1932, 1955 ],
    [ 708, 216, 1445, 241 ],
    [ 807, 240, 242, 2085 ],
    [ 1556, 1537, 1848, 1557 ],
    [ 2086, 1351, 1970, 1385 ],
    [ 1162, 1849, 1202, 1164 ],
    [ 2058, 310, 372, 1971 ],
    [ 889, 926, 2087, 965 ],
    [ 1167, 1179, 1254, 1214 ],
    [ 1180, 440, 503, 474 ],
    [ 1052, 1012, 1092, 1645 ],
    [ 1656, 1660, 1661, 2088 ],
    [ 1523, 2075, 2076, 2083 ],
    [ 1320, 747, 2089, 1379 ],
    [ 2090, 343, 345, 879 ],
    [ 1646, 2091, 2092, 1647 ],
    [ 910, 1798, 948, 2093 ],
    [ 2082, 839, 841, 854 ],
    [ 1643, 1660, 2100, 1657 ],
    [ 1318, 1392, 743, 2031 ],
    [ 870, 1527, 57, 46 ],
    [ 708, 216, 251, 241 ],
    [ 564, 314, 593, 344 ],
    [ 795, 780, 830, 806 ],
    [ 212, 188, 238, 214 ],
    [ 963, 925, 1010, 492 ],
    [ 169, 1230, 191, 1181 ],
    [ 625, 649, 2080, 1317 ],
    [ 1586, 1483, 1484, 1504 ],
    [ 1893, 2094, 1914, 1894 ],
    [ 1546, 1562, 972, 1713 ],
    [ 1974, 1962, 1986, 1763 ],
    [ 1462, 1481, 2102, 2095 ],
    [ 2096, 1560, 543, 514 ],
    [ 411, 445, 527, 1902 ],
    [ 1951, 601, 147, 167 ],
    [ 483, 395, 397, 431 ],
    [ 736, 182, 184, 578 ],
    [ 55, 390, 610, 1906 ],
    [ 1954, 505, 405, 1304 ],
    [ 1366, 978, 1061, 1908 ],
    [ 1468, 284, 286, 639 ],
    [ 1512, 2061, 2072, 1553 ],
    [ 687, 723, 1659, 758 ],
    [ 513, 2097, 753, 570 ],
    [ 1872, 1816, 1868, 1842 ],
    [ 624, 2070, 2107, 2077 ],
    [ 1997, 1664, 1704, 1682 ],
    [ 406, 1972, 442, 408 ],
    [ 2104, 1501, 2108, 1524 ],
    [ 1893, 2094, 1774, 1894 ],
    [ 2098, 1801, 1802, 565 ],
    [ 852, 1803, 877, 906 ],
    [ 1767, 2099, 791, 2105 ],
    [ 856, 878, 1387, 908 ],
    [ 1576, 886, 953, 1737 ],
    [ 1499, 820, 1522, 100 ],
    [ 102, 2101, 368, 1050 ],
    [ 1608, 336, 337, 369 ],
    [ 1656, 1660, 1661, 1657 ],
    [ 2090, 343, 345, 377 ],
    [ 1719, 1864, 1835, 1720 ],
    [ 1901, 2103, 1349, 1949 ],
    [ 571, 545, 1995, 1629 ],
    [ 1903, 1925, 1510, 1118 ],
    [ 433, 465, 2007, 496 ],
    [ 557, 584, 471, 500 ],
    [ 755, 722, 2109, 1203 ],
    [ 1656, 1660, 2100, 1657 ],
    [ 889, 2106, 2087, 2110 ],
    [ 2111, 1044, 940, 981 ],
    [ 2028, 1678, 2118, 1699 ],
    [ 1280, 2020, 1306, 2029 ],
    [ 44, 1527, 57, 2112 ],
    [ 2113, 1773, 2120, 1786 ],
    [ 2114, 347, 1424, 1701 ],
    [ 1718, 1724, 1726, 1283 ],
    [ 907, 943, 944, 1295 ],
    [ 1284, 1600, 1947, 1286 ],
    [ 844, 1479, 1480, 1500 ],
    [ 346, 148, 710, 348 ],
    [ 196, 573, 220, 1347 ],
    [ 502, 532, 1655, 1674 ],
    [ 635, 186, 187, 1178 ],
    [ 1362, 1395, 510, 480 ],
    [ 1597, 407, 675, 2115 ],
    [ 2116, 1757, 1758, 1770 ],
    [ 1878, 288, 289, 808 ],
    [ 1883, 2073, 1860, 1575 ],
    [ 1576, 886, 953, 919 ],
    [ 861, 525, 582, 391 ],
    [ 833, 647, 2107, 2077 ],
    [ 1843, 1818, 1270, 1241 ],
    [ 2000, 2117, 2018, 2123 ],
    [ 1242, 1006, 1272, 1047 ],
    [ 982, 1023, 1024, 2124 ],
    [ 1122, 1159, 1161, 1565 ],
    [ 2125, 1305, 2127, 1334 ],
    [ 275, 1728, 302, 276 ],
    [ 1632, 2119, 1619, 1513 ],
    [ 1588, 2121, 1621, 1589 ],
    [ 1590, 1717, 1623, 1725 ],
    [ 1000, 815, 853, 1002 ],
    [ 1355, 1001, 1003, 1444 ],
    [ 1966, 1032, 2128, 890 ],
    [ 892, 859, 931, 894 ],
    [ 128, 269, 318, 1505 ],
    [ 747, 777, 778, 1406 ],
    [ 1709, 63, 92, 220 ],
    [ 978, 866, 867, 891 ],
    [ 1139, 1105, 1564, 1605 ],
    [ 1551, 975, 485, 93 ],
    [ 1555, 516, 574, 549 ],
    [ 1180, 1213, 2129, 474 ],
    [ 1302, 1330, 1430, 1364 ],
    [ 307, 788, 335, 594 ],
    [ 541, 512, 569, 1955 ],
    [ 1433, 2122, 2130, 401 ],
    [ 912, 881, 956, 1831 ],
    [ 1171, 1135, 733, 695 ],
    [ 1559, 1539, 696, 734 ],
    [ 2111, 1044, 2039, 981 ],
    [ 1045, 1271, 1085, 2139 ],
    [ 1063, 941, 1754, 983 ],
    [ 1978, 2131, 2132, 2012 ],
    [ 651, 2126, 2046, 2133 ],
    [ 1020, 301, 359, 328 ],
    [ 1825, 1895, 1943, 1879 ],
    [ 317, 347, 1424, 380 ],
    [ 809, 432, 495, 2008 ],
    [ 433, 1467, 2007, 496 ],
    [ 2034, 929, 2048, 2134 ],
    [ 1748, 1380, 1986, 1763 ],
    [ 2135, 1481, 1088, 1502 ],
    [ 1348, 1528, 1381, 1349 ],
    [ 177, 534, 455, 179 ],
    [ 429, 461, 171, 191 ],
    [ 269, 1748, 1299, 1277 ],
    [ 537, 1637, 977, 539 ],
    [ 509, 576, 540, 566 ],
    [ 938, 900, 980, 1654 ],
    [ 959, 1056, 1005, 1043 ],
    [ 91, 107, 1336, 127 ],
    [ 1452, 567, 1745, 598 ],
    [ 121, 619, 143, 962 ],
    [ 2136, 745, 2074, 2137 ],
    [ 2138, 1049, 1759, 1089 ],
    [ 1880, 291, 293, 1899 ],
    [ 905, 941, 1754, 983 ],
    [ 1966, 1032, 1110, 1072 ],
    [ 1144, 1755, 1810, 1145 ],
    [ 1074, 1035, 1113, 1745 ],
    [ 1736, 1861, 962, 1752 ],
    [ 181, 735, 206, 2141 ],
    [ 736, 182, 1274, 207 ],
    [ 2053, 2040, 2067, 2142 ],
    [ 1429, 893, 1378, 932 ],
    [ 1963, 1485, 2024, 1964 ],
    [ 1566, 414, 416, 1935 ],
    [ 1965, 1108, 1183, 1143 ],
    [ 1766, 783, 785, 810 ],
    [ 1446, 1426, 1469, 2037 ],
    [ 1822, 2025, 1852, 1874 ],
    [ 1408, 2009, 1532, 1509 ],
    [ 1121, 1086, 1160, 1123 ],
    [ 1923, 1137, 1949, 1174 ],
    [ 666, 1472, 1692, 738 ],
    [ 1171, 661, 733, 695 ],
    [ 193, 1182, 2143, 2146 ],
    [ 315, 343, 936, 879 ],
    [ 910, 1798, 1097, 988 ],
    [ 1193, 1139, 1209, 1176 ],
    [ 568, 597, 599, 2147 ],
    [ 2144, 922, 923, 960 ],
    [ 125, 601, 147, 1343 ],
    [ 1045, 1083, 1085, 2139 ],
    [ 1369, 1156, 1752, 1758 ],
    [ 1290, 1374, 776, 1291 ],
    [ 487, 2140, 1322, 1292 ],
    [ 1293, 1781, 1325, 1294 ],
    [ 683, 1039, 1455, 1475 ],
    [ 1963, 1485, 1486, 1507 ],
    [ 1146, 1111, 1104, 1148 ],
    [ 1832, 1487, 1040, 1508 ],
    [ 893, 1290, 1579, 969 ],
    [ 1009, 1049, 1759, 2148 ],
    [ 228, 204, 1493, 230 ],
    [ 205, 229, 231, 1170 ],
    [ 1420, 2066, 1439, 1461 ],
    [ 1501, 2145, 1524, 2076 ],
    [ 2034, 2047, 2048, 2134 ],
    [ 1216, 424, 488, 458 ],
    [ 1103, 2049, 1138, 2006 ],
    [ 635, 186, 663, 211 ],
    [ 181, 735, 579, 183 ],
    [ 45, 56, 2149, 611 ],
    [ 1278, 2150, 1303, 1279 ],
    [ 938, 1638, 980, 1654 ],
    [ 1105, 1150, 174, 1244 ],
    [ 1130, 548, 550, 1675 ],
    [ 1249, 997, 658, 829 ],
    [ 1981, 110, 451, 419 ],
    [ 961, 1006, 1272, 1047 ],
    [ 568, 1102, 1531, 622 ],
    [ 1081, 1117, 2151, 1549 ],
    [ 1057, 2152, 238, 214 ],
    [ 1517, 1402, 2032, 454 ],
    [ 1462, 1481, 2102, 1502 ],
    [ 1913, 2025, 2026, 1874 ],
    [ 1121, 1086, 1670, 1650 ],
    [ 541, 1386, 569, 1955 ],
    [ 209, 623, 235, 1495 ],
    [ 697, 665, 737, 1636 ],
    [ 2153, 2155, 2019, 2157 ],
    [ 1333, 1305, 1367, 2158 ],
    [ 1436, 1417, 799, 1985 ],
    [ 898, 392, 913, 882 ],
    [ 2144, 922, 923, 2159 ],
    [ 301, 1098, 2160, 1131 ],
    [ 354, 848, 386, 356 ],
    [ 1289, 1273, 1340, 1371 ],
    [ 481, 452, 1776, 482 ],
    [ 1978, 2131, 1993, 2012 ],
    [ 2017, 909, 987, 947 ],
    [ 2154, 333, 335, 365 ],
    [ 1608, 336, 726, 369 ],
    [ 2043, 1864, 1727, 1720 ],
    [ 1721, 2156, 1729, 1722 ],
    [ 2035, 1669, 1707, 1685 ],
    [ 2136, 745, 802, 775 ],
    [ 1496, 1519, 1653, 2168 ],
    [ 1140, 636, 1177, 1141 ],
    [ 1394, 1361, 1812, 1396 ],
    [ 1625, 1596, 2161, 1694 ],
    [ 1829, 2162, 2004, 875 ],
    [ 329, 2005, 1760, 330 ],
    [ 1312, 1968, 1969, 2163 ],
    [ 762, 727, 2164, 763 ],
    [ 949, 921, 2172, 2166 ],
    [ 161, 2165, 1274, 207 ],
    [ 2167, 1154, 1155, 1195 ],
    [ 868, 893, 895, 932 ],
    [ 420, 388, 453, 1800 ],
    [ 1373, 1400, 1174, 1979 ],
    [ 2013, 1426, 1469, 1448 ],
    [ 1026, 989, 1239, 1027 ],
    [ 679, 755, 1127, 749 ],
    [ 363, 1613, 397, 484 ],
    [ 1418, 2060, 1437, 1459 ],
    [ 277, 1730, 304, 865 ],
    [ 1318, 673, 743, 706 ],
    [ 708, 216, 251, 226 ],
    [ 826, 303, 1760, 330 ],
    [ 1394, 1785, 1414, 1396 ],
    [ 1212, 1179, 1254, 1168 ],
    [ 1329, 1301, 1363, 1544 ],
    [ 589, 616, 1526, 642 ],
    [ 2169, 1662, 400, 1677 ],
    [ 2021, 811, 1298, 2174 ],
    [ 1189, 2170, 1225, 1260 ],
    [ 2171, 771, 772, 801 ],
    [ 986, 2173, 1336, 127 ],
    [ 1290, 774, 776, 803 ],
    [ 1473, 381, 447, 415 ],
    [ 571, 1994, 194, 1629 ],
    [ 990, 111, 113, 1099 ],
    [ 99, 19, 1658, 155 ],
    [ 1642, 723, 1659, 2044 ],
    [ 1460, 1479, 1480, 1477 ],
    [ 1326, 883, 950, 915 ],
    [ 103, 669, 123, 143 ],
    [ 277, 252, 304, 865 ],
    [ 1773, 1761, 1786, 2180 ],
    [ 1434, 1415, 1870, 1435 ],
    [ 1546, 1562, 1697, 1713 ],
    [ 1678, 1698, 2175, 1715 ],
    [ 332, 2176, 1762, 334 ],
    [ 153, 173, 37, 1382 ],
    [ 2023, 2177, 2033, 1838 ],
    [ 517, 2062, 550, 575 ],
    [ 1289, 1273, 847, 1371 ],
    [ 1978, 2131, 2132, 2178 ],
    [ 1122, 1159, 2179, 1565 ],
    [ 1420, 1438, 2189, 1461 ],
    [ 992, 951, 1807, 993 ],
    [ 767, 731, 2191, 769 ],
    [ 185, 87, 89, 105 ],
    [ 739, 656, 728, 690 ],
    [ 742, 771, 772, 1936 ],
    [ 746, 774, 776, 1291 ],
    [ 708, 201, 251, 226 ],
    [ 826, 303, 361, 330 ],
    [ 1326, 883, 950, 1391 ],
    [ 1397, 2185, 1416, 1149 ],
    [ 338, 2186, 372, 1971 ],
    [ 1714, 486, 1440, 1463 ],
    [ 2181, 2187, 830, 806 ],
    [ 833, 647, 648, 2077 ],
    [ 1100, 1062, 770, 1316 ],
    [ 2182, 2131, 2132, 2012 ],
    [ 577, 603, 1990, 626 ],
    [ 2188, 1159, 1161, 1565 ],
    [ 1978, 1992, 2132, 2012 ],
    [ 1840, 2183, 2192, 1842 ],
    [ 2184, 1866, 1905, 2193 ],
    [ 68, 256, 84, 911 ],
    [ 606, 580, 1817, 608 ],
    [ 1397, 2185, 1416, 1398 ],
    [ 1399, 2190, 158, 2196 ],
    [ 2197, 519, 521, 552 ],
    [ 107, 125, 766, 147 ],
    [ 764, 729, 1067, 765 ],
    [ 1245, 156, 455, 179 ],
    [ 177, 534, 202, 179 ],
    [ 394, 362, 1390, 396 ],
    [ 2022, 652, 2198, 685 ],
    [ 1151, 1296, 2199, 995 ],
    [ 2000, 1983, 2018, 2123 ],
    [ 1464, 1162, 1238, 1202 ],
    [ 102, 2101, 122, 104 ],
    [ 1180, 440, 2129, 474 ],
    [ 2144, 922, 1663, 960 ],
    [ 518, 1345, 1440, 1463 ],
    [ 1429, 1450, 1378, 932 ],
    [ 354, 848, 386, 1025 ],
    [ 1615, 1585, 1987, 2200 ],
    [ 1566, 414, 2201, 448 ],
    [ 1305, 2194, 1334, 1306 ],
    [ 2195, 1397, 1435, 1416 ],
    [ 701, 739, 2206, 1928 ],
    [ 1843, 1818, 2207, 1844 ],
    [ 1246, 2202, 1595, 1247 ],
    [ 136, 2190, 158, 2196 ],
    [ 683, 1039, 721, 754 ],
    [ 1276, 1192, 1263, 1228 ],
    [ 2203, 1312, 1370, 1339 ],
    [ 1063, 941, 1754, 1765 ],
    [ 1501, 2145, 1524, 1542 ],
    [ 2204, 1415, 1870, 1845 ],
    [ 959, 1056, 1005, 1094 ],
    [ 1681, 1664, 2015, 1682 ],
    [ 445, 862, 47, 58 ],
    [ 1103, 1065, 2050, 2006 ],
    [ 446, 197, 199, 221 ],
    [ 2205, 1333, 1069, 2127 ],
    [ 1365, 1147, 1149, 1250 ],
    [ 301, 98, 1070, 1131 ],
    [ 1457, 1151, 1153, 1031 ],
    [ 1541, 366, 434, 2208 ],
    [ 2209, 2194, 1334, 2210 ],
    [ 2211, 1456, 1491, 1476 ],
    [ 823, 204, 1493, 1572 ],
    [ 1246, 2202, 1015, 1247 ],
    [ 1766, 1778, 871, 810 ],
    [ 1545, 1561, 1819, 1580 ],
    [ 476, 444, 1058, 477 ],
    [ 192, 571, 920, 194 ],
    [ 2065, 2075, 2076, 2128 ],
    [ 1108, 1020, 1021, 359 ],
    [ 1501, 1523, 2216, 1542 ],
    [ 898, 2212, 913, 882 ],
    [ 306, 2213, 334, 2214 ],
    [ 1574, 1597, 2217, 409 ],
    [ 662, 694, 1570, 734 ],
    [ 693, 661, 733, 1172 ],
    [ 518, 1345, 1440, 520 ],
    [ 2197, 519, 521, 1292 ],
    [ 1422, 1441, 1723, 1465 ],
    [ 1503, 616, 617, 642 ],
    [ 264, 1738, 671, 313 ],
    [ 1790, 1576, 1628, 953 ],
    [ 1801, 508, 565, 539 ],
    [ 468, 556, 499, 470 ],
    [ 1578, 665, 737, 699 ],
    [ 468, 436, 1988, 1634 ],
    [ 1999, 370, 1042, 2218 ],
    [ 270, 294, 296, 1984 ],
    [ 2025, 2034, 1874, 2215 ],
    [ 786, 811, 1298, 2174 ],
    [ 1357, 362, 1390, 396 ],
    [ 606, 580, 1817, 2219 ],
    [ 2220, 1968, 1969, 2163 ],
    [ 949, 921, 2172, 1762 ],
    [ 2221, 1537, 1568, 1557 ],
    [ 1559, 1539, 1570, 2222 ],
    [ 2223, 1182, 2143, 2146 ],
    [ 2153, 2155, 2019, 2003 ],
    [ 1907, 1930, 1011, 1051 ],
    [ 1593, 1403, 2230, 1421 ],
    [ 1246, 1013, 1015, 1055 ],
    [ 1732, 1740, 2231, 1750 ],
    [ 1248, 1016, 1017, 1059 ],
    [ 1767, 789, 791, 2105 ],
    [ 1632, 638, 640, 668 ],
    [ 261, 284, 667, 639 ],
    [ 1266, 669, 123, 702 ],
    [ 704, 673, 743, 2031 ],
    [ 545, 515, 572, 1311 ],
    [ 596, 567, 1745, 598 ],
    [ 2136, 745, 2074, 775 ],
    [ 290, 266, 316, 761 ],
    [ 2220, 1968, 1969, 1975 ],
    [ 106, 90, 2224, 108 ],
    [ 2010, 1730, 304, 279 ],
    [ 1578, 2225, 737, 1636 ],
    [ 196, 573, 1073, 198 ],
    [ 1036, 1075, 2052, 1114 ],
    [ 1940, 1913, 1961, 1852 ],
    [ 1678, 2002, 2175, 1715 ],
    [ 2226, 1023, 1024, 1064 ],
    [ 332, 2176, 364, 334 ],
    [ 1499, 82, 118, 100 ],
    [ 701, 739, 740, 1928 ],
    [ 2195, 2227, 2235, 1416 ],
    [ 1189, 2170, 2054, 1260 ],
    [ 1355, 2228, 2236, 1444 ],
    [ 1997, 2229, 2015, 1682 ],
    [ 1280, 2020, 1306, 794 ],
    [ 795, 2187, 830, 1281 ],
    [ 1282, 1724, 1308, 1283 ],
    [ 1284, 1600, 1310, 1286 ],
    [ 545, 1285, 572, 1311 ],
    [ 842, 1746, 1313, 1287 ],
    [ 243, 76, 1288, 1314 ],
    [ 236, 212, 262, 1498 ],
    [ 901, 1044, 940, 981 ],
    [ 1233, 1198, 1218, 2237 ],
    [ 188, 741, 822, 190 ],
    [ 1601, 233, 235, 1495 ],
    [ 1289, 1338, 847, 1113 ],
    [ 564, 314, 376, 344 ],
    [ 1566, 414, 416, 448 ],
    [ 1296, 1989, 2238, 1297 ],
    [ 2232, 417, 634, 451 ],
    [ 547, 516, 574, 1587 ],
    [ 2066, 2053, 2234, 2239 ],
    [ 450, 2233, 271, 511 ],
    [ 1973, 1869, 1982, 2240 ],
    [ 2241, 2053, 2234, 2067 ],
    [ 2242, 946, 948, 2093 ],
    [ 2243, 1622, 2092, 1647 ],
    [ 1648, 691, 2250, 1649 ],
    [ 1125, 1301, 1363, 1331 ],
    [ 982, 1023, 2244, 2124 ],
    [ 764, 2245, 1067, 765 ],
    [ 1245, 156, 202, 179 ],
    [ 410, 378, 36, 1680 ],
    [ 1169, 137, 139, 159 ],
    [ 2241, 2053, 2234, 2239 ],
    [ 2246, 1761, 1786, 1774 ],
    [ 363, 395, 1614, 484 ],
    [ 223, 1541, 1251, 272 ],
    [ 1296, 1276, 2238, 1297 ],
    [ 1464, 2247, 1238, 1202 ],
    [ 102, 2101, 368, 104 ],
    [ 429, 169, 171, 191 ],
    [ 339, 371, 373, 1950 ],
    [ 1593, 2248, 2230, 1421 ],
    [ 1732, 2249, 2231, 1750 ],
    [ 1767, 2099, 791, 814 ],
    [ 852, 1803, 877, 2252 ],
    [ 2253, 1889, 1250, 1200 ],
    [ 643, 1162, 1238, 1202 ],
    [ 1351, 1418, 1385, 1607 ],
    [ 2251, 2254, 1934, 1806 ],
    [ 1788, 444, 1058, 477 ],
    [ 157, 1402, 180, 203 ],
    [ 1389, 1411, 650, 1317 ],
    [ 64, 77, 485, 1584 ],
    [ 402, 370, 1042, 2218 ],
    [ 850, 874, 875, 296 ],
    [ 852, 876, 877, 2252 ],
    [ 76, 63, 92, 220 ],
    [ 193, 1182, 2143, 1215 ],
    [ 2255, 2106, 2087, 2110 ],
    [ 816, 839, 1847, 854 ],
    [ 1804, 2254, 1934, 2256 ],
    [ 1276, 1236, 1263, 1228 ],
    [ 1175, 1139, 1229, 1176 ],
    [ 2204, 1415, 819, 1435 ],
    [ 938, 1638, 980, 126 ],
    [ 2125, 1305, 1367, 1334 ],
    [ 767, 1417, 2191, 769 ],
    [ 498, 1428, 531, 559 ],
    [ 232, 1602, 1494, 1478 ],
    [ 1095, 59, 1747, 285 ],
    [ 795, 2187, 830, 806 ],
    [ 958, 1001, 2236, 1444 ],
    [ 1586, 1616, 1484, 1712 ],
    [ 106, 1871, 2224, 108 ],
    [ 1578, 2225, 2257, 1636 ],
    [ 297, 1678, 2118, 1699 ],
    [ 1804, 2254, 1826, 1806 ],
    [ 976, 1018, 863, 1731 ],
    [ 1891, 1684, 1772, 1892 ],
    [ 269, 1748, 1505, 1277 ],
    [ 1999, 2258, 438, 404 ],
    [ 2000, 2117, 2259, 2123 ],
    [ 729, 1309, 1028, 991 ],
    [ 994, 1296, 1031, 995 ],
    [ 842, 818, 858, 843 ],
    [ 90, 76, 108, 92 ],
    [ 560, 587, 1491, 1476 ],
    [ 2243, 1622, 1666, 1647 ],
    [ 2181, 2187, 830, 1281 ],
    [ 1846, 630, 352, 1210 ],
    [ 2232, 417, 634, 1327 ],
    [ 2002, 2155, 2019, 2157 ],
    [ 2125, 1305, 1367, 2158 ],
    [ 306, 281, 334, 2214 ],
    [ 1785, 1773, 2120, 1786 ],
    [ 148, 128, 170, 318 ],
    [ 2260, 1705, 1729, 2261 ],
    [ 472, 440, 2129, 2262 ],
    [ 424, 1198, 1218, 2237 ],
    [ 1829, 2162, 851, 875 ],
    [ 1893, 1882, 1774, 1894 ],
    [ 2221, 1537, 1568, 1919 ],
    [ 1588, 2121, 1898, 1589 ],
    [ 773, 2263, 802, 775 ],
    [ 290, 2264, 792, 761 ],
    [ 762, 1216, 794, 763 ],
    [ 764, 2245, 796, 765 ],
    [ 767, 1417, 799, 769 ],
    [ 589, 616, 1526, 2265 ],
    [ 2169, 1662, 400, 368 ],
    [ 1355, 2228, 1003, 1444 ],
    [ 2114, 347, 1424, 380 ],
    [ 1920, 1467, 467, 496 ],
    [ 1581, 208, 258, 234 ],
    [ 350, 320, 827, 784 ],
    [ 1767, 789, 791, 814 ],
    [ 1397, 1365, 2266, 1398 ],
    [ 2104, 2267, 1502, 1524 ],
    [ 321, 1633, 353, 384 ],
    [ 1262, 1285, 572, 546 ],
    [ 325, 355, 412, 387 ],
    [ 557, 469, 471, 500 ],
    [ 72, 260, 1747, 285 ],
    [ 287, 250, 302, 276 ],
    [ 513, 542, 753, 570 ],
    [ 816, 839, 1847, 2269 ],
    [ 2268, 1828, 1881, 1860 ],
    [ 1525, 1913, 1961, 1941 ],
    [ 1903, 1081, 1082, 1118 ],
    [ 889, 2106, 928, 965 ],
    [ 1824, 1855, 2270, 864 ],
    [ 2022, 2271, 654, 685 ],
    [ 1625, 1665, 2161, 1694 ],
    [ 425, 1217, 536, 489 ],
    [ 1117, 1458, 1155, 1976 ],
    [ 1907, 1009, 1931, 1051 ],
    [ 994, 952, 2199, 995 ],
    [ 996, 954, 2163, 998 ],
    [ 1000, 957, 853, 1002 ],
    [ 1981, 110, 1136, 419 ],
    [ 967, 1013, 1015, 1247 ],
    [ 1877, 686, 757, 724 ],
    [ 2272, 19, 1658, 1676 ],
    [ 1739, 297, 299, 1679 ],
    [ 1942, 324, 386, 1025 ],
    [ 1923, 1137, 1207, 1174 ],
    [ 2273, 1275, 1325, 1294 ],
    [ 1977, 1991, 1770, 2016 ],
    [ 1399, 2190, 158, 138 ],
    [ 2203, 1312, 1114, 1969 ],
    [ 2274, 1895, 1943, 1879 ],
    [ 809, 432, 495, 466 ],
    [ 1293, 1275, 1783, 1294 ],
    [ 687, 2064, 725, 758 ],
    [ 788, 759, 1695, 790 ],
    [ 945, 1700, 987, 947 ],
    [ 1354, 878, 880, 908 ],
    [ 755, 1163, 2109, 1203 ],
    [ 1956, 1405, 1406, 1381 ],
    [ 1433, 2122, 369, 401 ],
    [ 1840, 1816, 2192, 1842 ],
    [ 181, 160, 206, 2141 ],
    [ 2053, 1189, 2067, 2142 ],
    [ 1766, 783, 871, 810 ],
    [ 961, 1006, 1272, 1243 ],
    [ 2188, 1159, 1161, 1201 ],
    [ 760, 789, 791, 2105 ],
    [ 910, 946, 948, 2093 ],
    [ 1026, 989, 1239, 1768 ],
    [ 1488, 1410, 2275, 1489 ],
    [ 403, 1041, 1490, 1917 ],
    [ 2045, 1585, 1987, 2200 ],
    [ 1305, 2194, 1334, 2210 ],
    [ 1026, 1237, 1066, 1027 ],
    [ 907, 1096, 1859, 1295 ],
    [ 990, 1742, 113, 1099 ],
    [ 1105, 132, 174, 1244 ],
    [ 1249, 997, 999, 829 ],
    [ 1355, 1001, 2236, 1444 ],
    [ 1767, 2099, 1779, 814 ],
    [ 515, 1801, 1802, 2276 ],
    [ 1771, 1780, 1897, 1791 ],
    [ 2277, 2047, 2048, 2134 ],
    [ 1965, 1945, 1183, 1143 ],
    [ 701, 1307, 2206, 1928 ],
    [ 1843, 1204, 2207, 1844 ],
    [ 2071, 2061, 1536, 1553 ],
    [ 2205, 1333, 2279, 2127 ],
    [ 1517, 1402, 180, 454 ],
    [ 35, 862, 47, 423 ],
    [ 410, 18, 36, 1680 ],
    [ 1217, 124, 166, 2280 ],
    [ 306, 2213, 2281, 2214 ],
    [ 1514, 859, 931, 894 ],
    [ 1515, 1492, 2084, 1516 ],
    [ 1543, 497, 558, 530 ],
    [ 1543, 497, 873, 899 ],
    [ 1576, 674, 953, 919 ],
    [ 1337, 1312, 1370, 1969 ],
    [ 1422, 1756, 1723, 1733 ],
    [ 1751, 989, 1239, 1027 ],
    [ 2243, 1622, 2092, 2282 ],
    [ 1648, 2278, 2250, 1649 ],
    [ 1918, 1667, 1706, 1749 ],
    [ 1121, 1086, 1160, 1650 ],
    [ 1216, 424, 488, 1218 ],
    [ 2211, 1456, 1491, 615 ],
    [ 1556, 1808, 1568, 1919 ],
    [ 1555, 516, 1080, 549 ],
    [ 577, 603, 1990, 2283 ],
    [ 2284, 921, 2172, 1762 ],
    [ 773, 2263, 2074, 775 ],
    [ 117, 1132, 1344, 159 ],
    [ 1719, 1703, 1727, 1885 ],
    [ 1523, 2075, 2076, 2128 ],
    [ 338, 310, 2285, 1971 ],
    [ 1108, 1020, 1021, 2287 ],
    [ 145, 2286, 1343, 1375 ],
    [ 2288, 1620, 1092, 1054 ],
    [ 2135, 1481, 2102, 2095 ],
    [ 2096, 1560, 543, 2042 ],
    [ 1721, 2156, 1729, 2261 ],
    [ 586, 237, 902, 263 ],
    [ 1736, 1369, 1896, 1752 ],
    [ 898, 2212, 937, 882 ],
    [ 901, 939, 2039, 981 ],
    [ 705, 2066, 2189, 1461 ],
    [ 996, 954, 2163, 657 ],
    [ 982, 2289, 1024, 2124 ],
    [ 1963, 1485, 1486, 1964 ],
    [ 1219, 1186, 2033, 1838 ],
    [ 990, 1742, 113, 131 ],
    [ 1446, 1426, 2290, 1448 ],
    [ 1824, 389, 592, 864 ],
    [ 1792, 1803, 877, 2252 ],
    [ 1825, 1856, 1943, 1879 ],
    [ 2291, 1740, 2231, 1750 ],
    [ 1446, 1948, 1469, 2037 ],
    [ 1354, 2292, 880, 908 ],
    [ 1593, 1403, 1404, 1421 ],
    [ 269, 1252, 1505, 1277 ],
    [ 1376, 1403, 2230, 1421 ],
    [ 2025, 2034, 2296, 2215 ],
    [ 2293, 160, 206, 183 ],
    [ 2028, 2294, 1679, 1699 ],
    [ 1280, 1255, 2041, 2029 ],
    [ 287, 1728, 312, 276 ],
    [ 290, 2264, 316, 292 ],
    [ 979, 1020, 1021, 2287 ],
    [ 606, 580, 631, 608 ],
    [ 2170, 691, 2250, 1649 ],
    [ 651, 2126, 2046, 653 ],
    [ 1795, 1511, 1552, 1535 ],
    [ 2045, 1585, 1644, 1617 ],
    [ 1407, 777, 778, 804 ],
    [ 49, 779, 62, 75 ],
    [ 282, 307, 782, 335 ],
    [ 1276, 1236, 1263, 2295 ],
    [ 1282, 1724, 1726, 1283 ],
    [ 1121, 1624, 1160, 1650 ],
    [ 290, 2264, 316, 761 ],
    [ 2260, 1705, 1729, 1722 ],
    [ 2113, 1773, 2120, 2298 ],
    [ 2299, 2040, 2067, 2054 ],
    [ 1515, 2068, 581, 1516 ],
    [ 2253, 1889, 1890, 1200 ],
    [ 1512, 2061, 1536, 1553 ],
    [ 1794, 1805, 1807, 993 ],
    [ 994, 1296, 2199, 995 ],
    [ 996, 2297, 2163, 998 ],
    [ 1000, 815, 853, 840 ],
    [ 1446, 1948, 2290, 1448 ],
    [ 498, 529, 2301, 1451 ],
    [ 2017, 909, 1702, 947 ],
    [ 2195, 2227, 1435, 1416 ],
    [ 838, 815, 853, 1002 ],
    [ 2255, 2106, 2087, 965 ],
    [ 472, 440, 2129, 474 ],
    [ 125, 145, 147, 1343 ],
    [ 1369, 1156, 1157, 1758 ],
    [ 1732, 1740, 2231, 2302 ],
    [ 1514, 2300, 931, 894 ],
    [ 1140, 1106, 637, 664 ],
    [ 1518, 532, 533, 1674 ],
    [ 1408, 1488, 1532, 1509 ],
    [ 2288, 1620, 1092, 1645 ],
    [ 2055, 1689, 1690, 555 ],
    [ 687, 2064, 1659, 2044 ],
    [ 1399, 2190, 2303, 138 ],
    [ 2203, 1312, 1370, 1969 ],
    [ 2274, 1895, 1857, 1879 ],
    [ 49, 779, 62, 2304 ],
    [ 2305, 1083, 1085, 1120 ],
    [ 1978, 1992, 2132, 2178 ],
    [ 1718, 1724, 1308, 1283 ],
    [ 2209, 2194, 1334, 1306 ],
    [ 1457, 1151, 1153, 1191 ],
    [ 1284, 1261, 1947, 1286 ],
    [ 1981, 1996, 1136, 419 ],
    [ 406, 1972, 442, 2059 ],
    [ 964, 1009, 1931, 1051 ],
    [ 1977, 1998, 1770, 1599 ],
    [ 522, 1625, 2306, 524 ],
    [ 1886, 2307, 1905, 1887 ],
    [ 1052, 1620, 1092, 1054 ],
    [ 1973, 1869, 1205, 1166 ],
    [ 666, 698, 1692, 1952 ],
    [ 1171, 661, 733, 1172 ],
    [ 1410, 1383, 1332, 1364 ],
    [ 1103, 2049, 1138, 1104 ],
    [ 1648, 2278, 1668, 1649 ],
    [ 1133, 576, 540, 566 ],
    [ 1517, 178, 180, 454 ],
    [ 2291, 1740, 1741, 1750 ],
    [ 517, 2062, 550, 1675 ],
    [ 1669, 1828, 1881, 2308 ],
    [ 2309, 1983, 2018, 2123 ],
    [ 982, 2289, 1024, 1064 ],
    [ 1880, 291, 322, 298 ],
    [ 1824, 389, 2270, 864 ],
    [ 153, 2310, 37, 1382 ],
    [ 1840, 2183, 1868, 1909 ],
    [ 996, 2297, 1033, 998 ],
    [ 1000, 815, 1037, 1002 ],
    [ 301, 98, 2160, 1131 ],
    [ 1302, 1383, 1430, 1364 ],
    [ 1049, 1087, 1089, 1431 ],
    [ 1597, 407, 409, 443 ],
    [ 1631, 529, 531, 1451 ],
    [ 2311, 1052, 1126, 1092 ],
    [ 1242, 1006, 1007, 1047 ],
    [ 1351, 1324, 1385, 1607 ],
    [ 1366, 978, 1148, 867 ],
    [ 518, 486, 1440, 520 ],
    [ 1422, 1441, 1723, 1733 ],
    [ 1751, 989, 1066, 1027 ],
    [ 2025, 2312, 1874, 2215 ],
    [ 1063, 941, 942, 983 ],
    [ 568, 1102, 599, 2147 ],
    [ 2272, 19, 1658, 155 ],
    [ 2182, 2131, 2132, 2178 ],
    [ 2184, 1866, 1905, 1887 ],
    [ 1078, 1039, 721, 1475 ],
    [ 1558, 580, 1817, 2219 ],
    [ 842, 818, 858, 1287 ],
    [ 2034, 929, 2048, 2063 ],
    [ 1429, 893, 895, 932 ],
    [ 925, 428, 492, 462 ],
    [ 1012, 1927, 1054, 1014 ],
    [ 1672, 1689, 1690, 2056 ],
    [ 984, 542, 753, 570 ],
    [ 1967, 1567, 1621, 1609 ],
    [ 773, 745, 2074, 2137 ],
    [ 425, 457, 536, 489 ],
    [ 1639, 149, 602, 2313 ],
    [ 2030, 603, 1990, 2283 ],
    [ 1290, 1374, 776, 803 ],
    [ 1473, 381, 1134, 415 ],
    [ 1574, 2069, 2217, 409 ],
    [ 525, 493, 2314, 526 ],
    [ 528, 497, 873, 530 ],
    [ 1687, 553, 608, 1423 ],
    [ 889, 2106, 2087, 965 ],
    [ 450, 2233, 1454, 511 ],
    [ 670, 1265, 1582, 740 ],
    [ 1656, 1640, 2100, 1657 ],
    [ 1433, 367, 2130, 401 ],
    [ 487, 2140, 521, 1292 ],
    [ 1977, 1991, 2315, 2016 ],
    [ 2205, 2316, 2279, 2127 ],
    [ 1354, 2292, 1387, 908 ],
    [ 600, 571, 920, 194 ],
    [ 350, 607, 383, 352 ],
    [ 2223, 1182, 2143, 1215 ],
    [ 487, 519, 521, 1292 ],
    [ 2111, 1044, 940, 1084 ],
    [ 1090, 1052, 1126, 2317 ],
    [ 2318, 834, 835, 849 ],
    [ 1578, 665, 2257, 1636 ],
    [ 662, 1539, 1570, 2222 ],
    [ 1422, 1756, 1442, 1465 ],
    [ 859, 1443, 885, 860 ],
    [ 625, 1411, 650, 682 ],
    [ 1193, 1227, 1209, 1176 ],
    [ 1226, 1192, 1263, 2295 ],
    [ 1289, 1338, 847, 1371 ],
    [ 1611, 795, 845, 821 ],
    [ 2138, 1049, 1759, 2148 ],
    [ 2319, 1018, 863, 1060 ],
    [ 2284, 921, 2172, 2166 ],
    [ 955, 997, 658, 829 ],
    [ 1999, 2258, 1042, 404 ],
    [ 1248, 1016, 1017, 1782 ],
    [ 1354, 878, 880, 1858 ],
    [ 1910, 2320, 1936, 1067 ],
    [ 2002, 2155, 2019, 2003 ],
    [ 1997, 2229, 1704, 1682 ],
    [ 1466, 1483, 1484, 1712 ],
    [ 1916, 1041, 1490, 1510 ],
    [ 1643, 1660, 1661, 2088 ],
    [ 2023, 2177, 1257, 1838 ],
    [ 996, 2297, 2163, 657 ],
    [ 982, 2289, 2244, 2124 ],
    [ 1057, 2152, 595, 214 ],
    [ 1957, 836, 837, 851 ],
    [ 1721, 1705, 1729, 2261 ],
    [ 2011, 1412, 1413, 1432 ],
    [ 1606, 1324, 1385, 1353 ],
    [ 554, 350, 2322, 383 ],
    [ 2104, 1501, 1502, 1524 ],
    [ 1886, 1866, 2321, 1887 ],
    [ 2251, 2254, 1934, 2256 ],
    [ 2154, 333, 335, 594 ],
    [ 2167, 1154, 1155, 1976 ],
    [ 1248, 1208, 1017, 1782 ],
    [ 1822, 1851, 2026, 1874 ],
    [ 1883, 1863, 1860, 1958 ],
    [ 275, 1728, 312, 276 ],
    [ 1293, 1275, 1325, 2323 ],
    [ 2324, 128, 170, 318 ],
    [ 366, 1662, 400, 368 ],
    [ 1525, 1913, 1961, 1852 ],
    [ 1122, 1550, 2179, 1565 ],
    [ 1840, 2183, 1868, 1842 ],
    [ 659, 1888, 692, 1592 ],
    [ 1615, 1585, 1987, 1617 ],
    [ 2030, 603, 605, 626 ],
    [ 1804, 1793, 1934, 2256 ],
    [ 468, 556, 499, 1634 ],
    [ 2035, 1669, 1892, 1881 ],
    [ 2082, 839, 1847, 854 ],
    [ 1804, 2254, 1934, 1806 ],
    [ 1399, 116, 158, 2196 ],
    [ 342, 314, 593, 344 ],
    [ 564, 314, 376, 924 ],
    [ 1093, 1056, 1005, 1043 ],
    [ 2011, 2325, 1413, 2036 ],
    [ 1566, 1554, 2201, 448 ],
    [ 321, 1633, 1356, 384 ],
    [ 1165, 1869, 1982, 2240 ],
    [ 1586, 1483, 1618, 1504 ],
    [ 628, 652, 2198, 685 ],
    [ 1496, 1652, 1653, 2168 ],
    [ 1773, 1893, 1786, 2180 ],
    [ 992, 1805, 1807, 993 ],
    [ 1246, 2202, 1015, 1055 ],
    [ 1348, 1321, 1529, 1547 ],
    [ 1886, 1866, 1905, 2193 ],
    [ 2195, 1397, 2235, 1416 ],
    [ 1593, 2248, 1404, 1421 ],
    [ 629, 1710, 1211, 631 ],
    [ 683, 719, 721, 1475 ],
    [ 1276, 1192, 1263, 2295 ],
    [ 1548, 1048, 1123, 1088 ],
    [ 498, 1428, 2301, 1451 ],
    [ 1326, 1358, 950, 1391 ],
    [ 1146, 1366, 1187, 1148 ],
    [ 1365, 1147, 1149, 1188 ],
    [ 1282, 1724, 1726, 1735 ],
    [ 2023, 1186, 1257, 1220 ],
    [ 1436, 1417, 2191, 769 ],
    [ 748, 779, 62, 2304 ],
    [ 2305, 1083, 1085, 2139 ],
    [ 1008, 1837, 1050, 1010 ],
    [ 2246, 1761, 1786, 2180 ],
    [ 509, 576, 1221, 566 ],
    [ 1222, 868, 869, 895 ],
    [ 1189, 1223, 2054, 1260 ],
    [ 1732, 2249, 1741, 1750 ],
    [ 1368, 294, 296, 1984 ],
    [ 1282, 1258, 1726, 1283 ],
    [ 338, 2186, 372, 340 ],
    [ 2197, 519, 1322, 1292 ],
    [ 153, 2310, 1350, 1382 ],
    [ 1259, 1096, 944, 1295 ],
    [ 1678, 2002, 1699, 1715 ],
    [ 1464, 2247, 1482, 1202 ],
    [ 72, 59, 88, 285 ],
    [ 1999, 370, 438, 404 ],
    [ 406, 374, 442, 2059 ],
    [ 2204, 1415, 1870, 1435 ],
    [ 1716, 1441, 1723, 1465 ],
    [ 441, 1453, 1836, 504 ],
    [ 562, 1530, 1575, 617 ],
    [ 338, 2186, 2285, 1971 ],
    [ 19, 153, 155, 37 ],
    [ 1865, 1573, 1626, 1598 ],
    [ 1600, 1576, 1628, 1821 ],
    [ 144, 124, 166, 2280 ],
    [ 2293, 160, 206, 2141 ],
    [ 1766, 783, 871, 897 ],
    [ 168, 99, 101, 677 ],
    [ 176, 197, 1508, 507 ],
    [ 525, 1627, 2314, 526 ],
    [ 852, 876, 2326, 2252 ],
    [ 145, 2286, 1521, 1375 ],
    [ 1420, 2066, 2189, 1461 ],
    [ 1501, 2145, 2216, 1542 ],
    [ 367, 711, 401, 1040 ],
    [ 2318, 834, 835, 1356 ],
    [ 1959, 1799, 1800, 2327 ],
    [ 2328, 2126, 2046, 2133 ],
    [ 1488, 2329, 1509, 1489 ],
    [ 1965, 1108, 1809, 1143 ],
    [ 2023, 1186, 1257, 1838 ],
    [ 887, 1269, 1663, 960 ],
    [ 959, 1004, 2330, 1043 ],
    [ 1977, 1998, 2315, 2016 ],
    [ 2205, 2316, 1069, 2127 ],
    [ 1533, 1511, 1552, 1796 ],
    [ 1165, 1869, 1982, 1166 ],
    [ 1167, 1179, 1254, 1168 ],
    [ 1452, 567, 621, 1691 ],
    [ 1693, 793, 843, 2331 ],
    [ 2332, 1472, 1692, 1952 ],
    [ 2014, 2009, 1532, 1789 ],
    [ 632, 2333, 1328, 633 ],
    [ 583, 556, 499, 1634 ],
    [ 2082, 839, 1847, 2269 ],
    [ 624, 647, 2107, 2077 ],
    [ 535, 278, 974, 1813 ],
    [ 2022, 2271, 2198, 685 ],
    [ 889, 926, 2087, 2110 ],
    [ 1471, 904, 318, 295 ],
    [ 1049, 1771, 1089, 1431 ],
    [ 165, 186, 663, 211 ],
    [ 2000, 2117, 2018, 2001 ],
    [ 1780, 411, 357, 387 ],
    [ 441, 1453, 475, 592 ],
    [ 697, 665, 2257, 1636 ],
    [ 389, 49, 864, 62 ],
    [ 1496, 1519, 1653, 1540 ],
    [ 2000, 1983, 2259, 2123 ],
    [ 662, 1539, 1570, 734 ],
    [ 1020, 301, 359, 1070 ],
    [ 1230, 1884, 1181, 2334 ],
    [ 914, 883, 1360, 1391 ],
    [ 98, 820, 1522, 100 ],
    [ 1144, 1109, 1185, 1251 ],
    [ 1967, 1567, 1621, 1589 ],
    [ 1721, 1705, 2335, 1722 ],
    [ 45, 2336, 58, 611 ],
    [ 1000, 957, 853, 840 ],
    [ 1393, 1412, 2027, 2036 ],
    [ 136, 2190, 158, 138 ],
    [ 1541, 366, 272, 400 ],
    [ 1646, 1622, 2092, 1647 ],
    [ 2337, 1652, 1653, 1540 ],
    [ 1825, 1895, 1857, 1879 ],
    [ 315, 855, 345, 377 ],
    [ 1627, 1739, 1706, 1683 ],
    [ 297, 1678, 1679, 1699 ],
    [ 392, 976, 882, 863 ],
    [ 517, 548, 2079, 575 ],
    [ 2319, 1018, 863, 1731 ],
    [ 1891, 2051, 1772, 1892 ],
    [ 2274, 1895, 1943, 1915 ],
    [ 2055, 1689, 1731, 555 ],
    [ 129, 149, 602, 2313 ],
    [ 306, 281, 2281, 2214 ],
    [ 1785, 1773, 2120, 2298 ],
    [ 1963, 1944, 2024, 1964 ],
    [ 277, 1730, 888, 865 ],
    [ 1625, 1596, 524, 1694 ],
    [ 1764, 452, 1776, 2038 ],
    [ 1140, 636, 637, 1141 ],
    [ 392, 976, 426, 393 ],
    [ 857, 1708, 890, 858 ],
    [ 2028, 2294, 2118, 1699 ],
    [ 2299, 2040, 2067, 2142 ],
    [ 1280, 1255, 1306, 2029 ],
    [ 2135, 1481, 2102, 1502 ],
    [ 460, 428, 492, 927 ],
    [ 929, 892, 968, 1300 ],
    [ 1512, 1534, 2072, 1553 ],
    [ 394, 1946, 430, 396 ],
    [ 2226, 1023, 1024, 2124 ],
    [ 1063, 1101, 1754, 983 ],
    [ 1012, 966, 1929, 1014 ],
    [ 464, 432, 495, 2008 ],
    [ 1719, 1864, 1727, 1720 ],
    [ 1474, 1485, 1486, 1964 ],
    [ 1633, 1090, 1303, 1279 ],
    [ 1901, 2103, 2338, 1949 ],
    [ 811, 321, 835, 1356 ],
    [ 1333, 1305, 2127, 1334 ],
    [ 275, 1728, 302, 2339 ],
    [ 2340, 600, 1401, 1419 ],
    [ 1068, 1853, 927, 1069 ],
    [ 823, 2341, 254, 230 ],
    [ 281, 256, 84, 911 ],
    [ 659, 1888, 692, 660 ],
    [ 1151, 1296, 1031, 995 ],
    [ 1248, 1016, 2342, 1059 ],
    [ 1086, 1048, 1123, 1583 ],
    [ 844, 1457, 1480, 1500 ],
    [ 1071, 1032, 2128, 890 ],
    [ 398, 366, 434, 2208 ],
    [ 407, 523, 443, 2343 ],
    [ 2344, 597, 599, 622 ],
    [ 410, 378, 1610, 27 ],
    [ 674, 1612, 919, 744 ],
    [ 2253, 1889, 1890, 1911 ],
    [ 1501, 1523, 1524, 2076 ],
    [ 809, 432, 1921, 466 ],
    [ 339, 2345, 373, 1950 ],
    [ 1278, 2150, 1651, 1279 ],
    [ 2104, 2267, 2108, 1524 ],
    [ 1641, 824, 231, 1170 ],
    [ 651, 2126, 684, 653 ],
    [ 1394, 1785, 1812, 1396 ],
    [ 1721, 2156, 2335, 1722 ],
    [ 1036, 1337, 2052, 1114 ],
    [ 2071, 2061, 2072, 2081 ],
    [ 1882, 1600, 1310, 1286 ],
    [ 1773, 1893, 1786, 1774 ],
    [ 2057, 1884, 1181, 2334 ],
    [ 2337, 1652, 1653, 2168 ],
    [ 992, 1805, 1807, 1827 ],
    [ 2066, 2053, 2234, 2067 ],
    [ 1320, 1938, 2089, 1379 ],
    [ 1646, 2091, 1666, 1647 ],
    [ 1337, 1312, 1114, 1969 ],
    [ 1545, 1787, 672, 2052 ],
    [ 45, 2336, 2149, 611 ],
    [ 1397, 2185, 2266, 1398 ],
    [ 852, 1803, 2326, 2252 ],
    [ 2098, 1801, 1802, 2276 ],
    [ 388, 1799, 1800, 2327 ],
    [ 2328, 2126, 2046, 653 ],
    [ 1488, 2329, 2275, 1489 ],
    [ 1053, 1091, 1563, 1814 ],
    [ 2277, 2047, 2048, 2063 ],
    [ 528, 1630, 873, 530 ],
    [ 406, 1972, 1046, 408 ],
    [ 1910, 2320, 1107, 1067 ],
    [ 1180, 440, 2129, 2262 ],
    [ 424, 1198, 1218, 1185 ],
    [ 1240, 1204, 1270, 1844 ],
    [ 938, 900, 1673, 1654 ],
    [ 780, 1267, 806, 781 ],
    [ 1125, 1525, 1363, 1331 ],
    [ 1913, 2025, 1852, 1874 ],
    [ 1397, 1365, 1416, 1149 ],
    [ 1875, 1889, 1250, 1200 ],
    [ 1156, 1757, 1758, 2346 ],
    [ 1100, 768, 2347, 800 ],
    [ 1081, 2348, 1118, 1549 ],
    [ 2349, 38, 331, 50 ],
    [ 375, 407, 675, 2115 ],
    [ 1646, 1622, 2092, 2282 ],
    [ 2188, 1159, 2179, 1565 ],
    [ 317, 1377, 1424, 1701 ],
    [ 2184, 1866, 2321, 1887 ],
    [ 1590, 1717, 1623, 1591 ],
    [ 1795, 1511, 1811, 1796 ],
    [ 476, 444, 506, 1815 ],
    [ 921, 306, 1762, 334 ],
    [ 2242, 946, 948, 988 ],
    [ 711, 1487, 1040, 1833 ],
    [ 1834, 1569, 1623, 1725 ],
    [ 1008, 963, 1839, 1010 ],
    [ 502, 1841, 533, 1674 ],
    [ 729, 949, 1028, 1335 ],
    [ 1775, 120, 1984, 703 ],
    [ 1883, 2073, 1937, 1958 ],
    [ 986, 2173, 109, 127 ],
    [ 1503, 616, 1526, 2265 ],
    [ 1771, 1862, 1431, 1791 ],
    [ 1867, 390, 610, 582 ],
    [ 850, 1368, 875, 296 ],
    [ 870, 1527, 57, 2112 ],
    [ 2170, 691, 1668, 1649 ],
    [ 1632, 2119, 640, 1513 ],
    [ 2053, 1189, 2067, 2054 ],
    [ 1684, 1669, 1892, 1881 ],
    [ 1515, 2068, 581, 1772 ],
    [ 1315, 1342, 2078, 569 ],
    [ 2268, 1828, 1881, 2308 ],
    [ 522, 490, 2306, 524 ],
    [ 217, 240, 242, 2085 ],
    [ 2086, 1351, 1970, 1980 ],
    [ 1399, 116, 2303, 138 ],
    [ 2025, 2312, 2296, 2215 ],
    [ 2291, 1740, 2231, 2302 ],
    [ 2311, 1052, 1126, 2317 ],
    [ 513, 2097, 544, 570 ],
    [ 2309, 1983, 2018, 2001 ],
    [ 1886, 2307, 2321, 1887 ],
    [ 509, 538, 540, 604 ],
    [ 771, 764, 1936, 1067 ],
    [ 2273, 1275, 1783, 1294 ],
    [ 651, 627, 2046, 2133 ],
    [ 2002, 742, 2019, 2157 ],
    [ 1957, 836, 1598, 851 ],
    [ 1794, 1805, 1030, 993 ],
    [ 1625, 1596, 524, 1626 ],
    [ 1514, 2300, 1538, 894 ],
    [ 1100, 1062, 2347, 800 ],
    [ 2116, 1757, 1758, 2346 ],
    [ 2349, 38, 331, 478 ],
    [ 1081, 2348, 2151, 1549 ],
    [ 1769, 420, 2350, 453 ],
    [ 1169, 1132, 139, 2351 ],
    [ 2352, 1408, 1409, 1532 ],
    [ 961, 2353, 1272, 1047 ],
    [ 1901, 1923, 2338, 1949 ],
    [ 287, 1728, 302, 2339 ],
    [ 2340, 600, 1401, 920 ],
    [ 823, 2341, 1493, 230 ],
    [ 887, 922, 923, 2159 ],
    [ 762, 1216, 2164, 763 ],
    [ 161, 2165, 184, 207 ],
    [ 2171, 771, 772, 1936 ],
    [ 959, 1056, 2330, 1043 ],
    [ 818, 793, 843, 2331 ],
    [ 2332, 1472, 1692, 738 ],
    [ 632, 2333, 660, 633 ],
    [ 1769, 1933, 2350, 453 ],
    [ 117, 1132, 139, 2351 ],
    [ 2352, 1408, 1409, 1427 ],
    [ 961, 2353, 1007, 1047 ],
    [ 2273, 1275, 1325, 2323 ],
    [ 554, 1688, 2322, 383 ],
    [ 2011, 2325, 2027, 2036 ],
    [ 2324, 128, 170, 150 ],
    [ 1248, 1208, 2342, 1059 ],
    [ 491, 523, 443, 2343 ],
    [ 2344, 597, 599, 2147 ],
    [ 339, 2345, 1924, 1950 ]
]
